(kicad_pcb (version 20171130) (host pcbnew "(5.0.1-3-g963ef8bb5)")

  (general
    (thickness 1.6)
    (drawings 30)
    (tracks 99)
    (zones 0)
    (modules 16)
    (nets 12)
  )

  (page A4)
  (layers
    (0 F.Cu signal)
    (31 B.Cu signal)
    (32 B.Adhes user)
    (33 F.Adhes user)
    (34 B.Paste user)
    (35 F.Paste user)
    (36 B.SilkS user)
    (37 F.SilkS user)
    (38 B.Mask user)
    (39 F.Mask user)
    (40 Dwgs.User user hide)
    (41 Cmts.User user)
    (42 Eco1.User user)
    (43 Eco2.User user)
    (44 Edge.Cuts user)
    (45 Margin user)
    (46 B.CrtYd user)
    (47 F.CrtYd user)
    (48 B.Fab user)
    (49 F.Fab user)
  )

  (setup
    (last_trace_width 0.25)
    (trace_clearance 0.2)
    (zone_clearance 0.508)
    (zone_45_only no)
    (trace_min 0.2)
    (segment_width 0.2)
    (edge_width 0.15)
    (via_size 0.8)
    (via_drill 0.4)
    (via_min_size 0.4)
    (via_min_drill 0.3)
    (uvia_size 0.3)
    (uvia_drill 0.1)
    (uvias_allowed no)
    (uvia_min_size 0.2)
    (uvia_min_drill 0.1)
    (pcb_text_width 0.3)
    (pcb_text_size 1.5 1.5)
    (mod_edge_width 0.15)
    (mod_text_size 1 1)
    (mod_text_width 0.15)
    (pad_size 1.524 1.524)
    (pad_drill 0.762)
    (pad_to_mask_clearance 0.051)
    (solder_mask_min_width 0.25)
    (aux_axis_origin 0 0)
    (visible_elements FFFFFF7F)
    (pcbplotparams
      (layerselection 0x010fc_ffffffff)
      (usegerberextensions false)
      (usegerberattributes false)
      (usegerberadvancedattributes false)
      (creategerberjobfile false)
      (excludeedgelayer true)
      (linewidth 0.100000)
      (plotframeref false)
      (viasonmask false)
      (mode 1)
      (useauxorigin false)
      (hpglpennumber 1)
      (hpglpenspeed 20)
      (hpglpendiameter 15.000000)
      (psnegative false)
      (psa4output false)
      (plotreference true)
      (plotvalue true)
      (plotinvisibletext false)
      (padsonsilk false)
      (subtractmaskfromsilk false)
      (outputformat 1)
      (mirror false)
      (drillshape 1)
      (scaleselection 1)
      (outputdirectory ""))
  )

  (net 0 "")
  (net 1 /GND)
  (net 2 /FIRE)
  (net 3 /DOWN)
  (net 4 /LEFT)
  (net 5 /RIGHT)
  (net 6 /UP)
  (net 7 /POTY)
  (net 8 /5V)
  (net 9 /POTX)
  (net 10 "Net-(R1-Pad2)")
  (net 11 "Net-(R2-Pad2)")

  (net_class Default "This is the default net class."
    (clearance 0.2)
    (trace_width 0.25)
    (via_dia 0.8)
    (via_drill 0.4)
    (uvia_dia 0.3)
    (uvia_drill 0.1)
    (add_net /5V)
    (add_net /DOWN)
    (add_net /FIRE)
    (add_net /GND)
    (add_net /LEFT)
    (add_net /POTX)
    (add_net /POTY)
    (add_net /RIGHT)
    (add_net /UP)
    (add_net "Net-(R1-Pad2)")
    (add_net "Net-(R2-Pad2)")
  )

  (module digikey-footprints:DSUB-9_Jack_5747840-3 locked (layer F.Cu) (tedit 5AD0FBDD) (tstamp 5CD271F8)
    (at 158.5 92.25)
    (descr http://www.te.com/commerce/DocumentDelivery/DDEController?Action=srchrtrv&DocNm=5747840&DocType=Customer+Drawing&DocLang=English)
    (path /5CBC2677)
    (fp_text reference J1 (at 0 6.25) (layer F.SilkS)
      (effects (font (size 1 1) (thickness 0.15)))
    )
    (fp_text value 5747840-3 (at 0 4.75) (layer F.Fab)
      (effects (font (size 1 1) (thickness 0.15)))
    )
    (fp_line (start -15.75 -15.75) (end -15.75 3.5) (layer F.CrtYd) (width 0.05))
    (fp_line (start -15.75 3.5) (end 15.75 3.5) (layer F.CrtYd) (width 0.05))
    (fp_line (start -15.75 -15.75) (end 15.75 -15.75) (layer F.CrtYd) (width 0.05))
    (fp_line (start 15.75 -15.75) (end 15.75 3.5) (layer F.CrtYd) (width 0.05))
    (fp_line (start -15.5 2.2) (end -15.5 3.2) (layer F.SilkS) (width 0.1))
    (fp_line (start -15.5 3.2) (end -13.5 3.2) (layer F.SilkS) (width 0.1))
    (fp_line (start 15.5 2.5) (end 15.5 3.2) (layer F.SilkS) (width 0.1))
    (fp_line (start 15.5 3.2) (end 14.1 3.2) (layer F.SilkS) (width 0.1))
    (fp_line (start 14.6 -15.6) (end 15.5 -15.6) (layer F.SilkS) (width 0.1))
    (fp_line (start 15.5 -15.6) (end 15.5 -14.3) (layer F.SilkS) (width 0.1))
    (fp_line (start -14.8 -15.6) (end -15.5 -15.6) (layer F.SilkS) (width 0.1))
    (fp_line (start -15.5 -15.6) (end -15.5 -14.5) (layer F.SilkS) (width 0.1))
    (fp_text user %R (at 0 -7.5) (layer F.Fab)
      (effects (font (size 1 1) (thickness 0.15)))
    )
    (fp_line (start 15.405 -15.49) (end 15.405 3.13) (layer F.Fab) (width 0.1))
    (fp_line (start -15.405 -15.49) (end 15.405 -15.49) (layer F.Fab) (width 0.1))
    (fp_line (start -15.405 -15.49) (end -15.405 3.13) (layer F.Fab) (width 0.1))
    (fp_line (start -15.405 3.13) (end 15.405 3.13) (layer F.Fab) (width 0.1))
    (pad 5 thru_hole circle (at -5.48 1.42) (size 2 2) (drill 1.04) (layers *.Cu *.Mask)
      (net 7 /POTY))
    (pad 9 thru_hole circle (at -4.11 -1.42) (size 2 2) (drill 1.04) (layers *.Cu *.Mask)
      (net 9 /POTX))
    (pad 4 thru_hole circle (at -2.74 1.42) (size 2 2) (drill 1.04) (layers *.Cu *.Mask)
      (net 5 /RIGHT))
    (pad 8 thru_hole circle (at -1.37 -1.42) (size 2 2) (drill 1.04) (layers *.Cu *.Mask)
      (net 1 /GND))
    (pad 3 thru_hole circle (at 0 1.42) (size 2 2) (drill 1.04) (layers *.Cu *.Mask)
      (net 4 /LEFT))
    (pad 7 thru_hole circle (at 1.37 -1.42) (size 2 2) (drill 1.04) (layers *.Cu *.Mask)
      (net 8 /5V))
    (pad 2 thru_hole circle (at 2.74 1.42) (size 2 2) (drill 1.04) (layers *.Cu *.Mask)
      (net 3 /DOWN))
    (pad 6 thru_hole circle (at 4.11 -1.42) (size 2 2) (drill 1.04) (layers *.Cu *.Mask)
      (net 2 /FIRE))
    (pad 1 thru_hole circle (at 5.48 1.42) (size 2 2) (drill 1.04) (layers *.Cu *.Mask)
      (net 6 /UP))
    (pad 10 thru_hole circle (at 12.495 0) (size 3.5 3.5) (drill 3.17) (layers *.Cu *.Mask)
      (net 1 /GND))
    (pad 10 thru_hole circle (at -12.495 0) (size 3.5 3.5) (drill 3.17) (layers *.Cu *.Mask)
      (net 1 /GND))
    (model ${KIPRJMOD}/c-5747840-3-d-3d.stp
      (offset (xyz 0 15.5 5.5))
      (scale (xyz 1 1 1))
      (rotate (xyz 90 180 0))
    )
  )

  (module Resistor_SMD:R_0805_2012Metric_Pad1.15x1.40mm_HandSolder (layer F.Cu) (tedit 5B36C52B) (tstamp 5CD22772)
    (at 213.75 99.25 270)
    (descr "Resistor SMD 0805 (2012 Metric), square (rectangular) end terminal, IPC_7351 nominal with elongated pad for handsoldering. (Body size source: https://docs.google.com/spreadsheets/d/1BsfQQcO9C6DZCsRaXUlFlo91Tg2WpOkGARC1WS5S8t0/edit?usp=sharing), generated with kicad-footprint-generator")
    (tags "resistor handsolder")
    (path /5CBA1DF0)
    (attr smd)
    (fp_text reference R2 (at 0 -1.65 270) (layer F.SilkS)
      (effects (font (size 1 1) (thickness 0.15)))
    )
    (fp_text value 330 (at 0 1.65 270) (layer F.Fab)
      (effects (font (size 1 1) (thickness 0.15)))
    )
    (fp_text user %R (at 0 0 270) (layer F.Fab)
      (effects (font (size 0.5 0.5) (thickness 0.08)))
    )
    (fp_line (start 1.85 0.95) (end -1.85 0.95) (layer F.CrtYd) (width 0.05))
    (fp_line (start 1.85 -0.95) (end 1.85 0.95) (layer F.CrtYd) (width 0.05))
    (fp_line (start -1.85 -0.95) (end 1.85 -0.95) (layer F.CrtYd) (width 0.05))
    (fp_line (start -1.85 0.95) (end -1.85 -0.95) (layer F.CrtYd) (width 0.05))
    (fp_line (start -0.261252 0.71) (end 0.261252 0.71) (layer F.SilkS) (width 0.12))
    (fp_line (start -0.261252 -0.71) (end 0.261252 -0.71) (layer F.SilkS) (width 0.12))
    (fp_line (start 1 0.6) (end -1 0.6) (layer F.Fab) (width 0.1))
    (fp_line (start 1 -0.6) (end 1 0.6) (layer F.Fab) (width 0.1))
    (fp_line (start -1 -0.6) (end 1 -0.6) (layer F.Fab) (width 0.1))
    (fp_line (start -1 0.6) (end -1 -0.6) (layer F.Fab) (width 0.1))
    (pad 2 smd roundrect (at 1.025 0 270) (size 1.15 1.4) (layers F.Cu F.Paste F.Mask) (roundrect_rratio 0.217391)
      (net 11 "Net-(R2-Pad2)"))
    (pad 1 smd roundrect (at -1.025 0 270) (size 1.15 1.4) (layers F.Cu F.Paste F.Mask) (roundrect_rratio 0.217391)
      (net 8 /5V))
    (model ${KISYS3DMOD}/Resistor_SMD.3dshapes/R_0805_2012Metric.wrl
      (at (xyz 0 0 0))
      (scale (xyz 1 1 1))
      (rotate (xyz 0 0 0))
    )
  )

  (module Resistor_SMD:R_0805_2012Metric_Pad1.15x1.40mm_HandSolder (layer F.Cu) (tedit 5B36C52B) (tstamp 5CD22761)
    (at 204 91 270)
    (descr "Resistor SMD 0805 (2012 Metric), square (rectangular) end terminal, IPC_7351 nominal with elongated pad for handsoldering. (Body size source: https://docs.google.com/spreadsheets/d/1BsfQQcO9C6DZCsRaXUlFlo91Tg2WpOkGARC1WS5S8t0/edit?usp=sharing), generated with kicad-footprint-generator")
    (tags "resistor handsolder")
    (path /5CBA1C33)
    (attr smd)
    (fp_text reference R1 (at 0 -1.65 270) (layer F.SilkS)
      (effects (font (size 1 1) (thickness 0.15)))
    )
    (fp_text value 330 (at 0 1.65 270) (layer F.Fab)
      (effects (font (size 1 1) (thickness 0.15)))
    )
    (fp_line (start -1 0.6) (end -1 -0.6) (layer F.Fab) (width 0.1))
    (fp_line (start -1 -0.6) (end 1 -0.6) (layer F.Fab) (width 0.1))
    (fp_line (start 1 -0.6) (end 1 0.6) (layer F.Fab) (width 0.1))
    (fp_line (start 1 0.6) (end -1 0.6) (layer F.Fab) (width 0.1))
    (fp_line (start -0.261252 -0.71) (end 0.261252 -0.71) (layer F.SilkS) (width 0.12))
    (fp_line (start -0.261252 0.71) (end 0.261252 0.71) (layer F.SilkS) (width 0.12))
    (fp_line (start -1.85 0.95) (end -1.85 -0.95) (layer F.CrtYd) (width 0.05))
    (fp_line (start -1.85 -0.95) (end 1.85 -0.95) (layer F.CrtYd) (width 0.05))
    (fp_line (start 1.85 -0.95) (end 1.85 0.95) (layer F.CrtYd) (width 0.05))
    (fp_line (start 1.85 0.95) (end -1.85 0.95) (layer F.CrtYd) (width 0.05))
    (fp_text user %R (at 0 0 270) (layer F.Fab)
      (effects (font (size 0.5 0.5) (thickness 0.08)))
    )
    (pad 1 smd roundrect (at -1.025 0 270) (size 1.15 1.4) (layers F.Cu F.Paste F.Mask) (roundrect_rratio 0.217391)
      (net 8 /5V))
    (pad 2 smd roundrect (at 1.025 0 270) (size 1.15 1.4) (layers F.Cu F.Paste F.Mask) (roundrect_rratio 0.217391)
      (net 10 "Net-(R1-Pad2)"))
    (model ${KISYS3DMOD}/Resistor_SMD.3dshapes/R_0805_2012Metric.wrl
      (at (xyz 0 0 0))
      (scale (xyz 1 1 1))
      (rotate (xyz 0 0 0))
    )
  )

  (module digikey-footprints:Switch_Tactile_THT_B3F-1xxx (layer F.Cu) (tedit 5AF34B0A) (tstamp 5CD2352F)
    (at 203.2488 96.7394)
    (descr http://www.omron.com/ecb/products/pdf/en-b3f.pdf)
    (path /5CB94D89)
    (fp_text reference S8 (at 3.2512 -2.2094) (layer F.SilkS)
      (effects (font (size 1 1) (thickness 0.15)))
    )
    (fp_text value FIRE3 (at 3.2512 7.1006) (layer F.Fab)
      (effects (font (size 1 1) (thickness 0.15)))
    )
    (fp_line (start 0.2512 -0.7394) (end 6.2512 -0.7394) (layer F.Fab) (width 0.1))
    (fp_line (start 0.2512 5.2606) (end 6.2512 5.2606) (layer F.Fab) (width 0.1))
    (fp_line (start 0.2512 -0.7394) (end 0.2512 5.2606) (layer F.Fab) (width 0.1))
    (fp_line (start 6.2512 5.2606) (end 6.2512 -0.7394) (layer F.Fab) (width 0.1))
    (fp_text user %R (at 3.2512 2.2606) (layer F.Fab)
      (effects (font (size 1 1) (thickness 0.15)))
    )
    (fp_line (start 2.3512 5.3606) (end 4.0512 5.3606) (layer F.SilkS) (width 0.1))
    (fp_line (start 6.3512 2.2606) (end 6.3512 1.3606) (layer F.SilkS) (width 0.1))
    (fp_line (start 6.3512 2.2606) (end 6.3512 3.1606) (layer F.SilkS) (width 0.1))
    (fp_line (start 0.1512 2.2606) (end 0.1512 1.3606) (layer F.SilkS) (width 0.1))
    (fp_line (start 0.1512 2.2606) (end 0.1512 3.1606) (layer F.SilkS) (width 0.1))
    (fp_line (start 2.3512 -0.8394) (end 4.1512 -0.8394) (layer F.SilkS) (width 0.1))
    (fp_line (start -1.2488 -1.2394) (end 7.7512 -1.2394) (layer F.CrtYd) (width 0.05))
    (fp_line (start -1.2488 5.7606) (end 7.7512 5.7606) (layer F.CrtYd) (width 0.05))
    (fp_line (start -1.2488 5.7606) (end -1.2488 -1.2394) (layer F.CrtYd) (width 0.05))
    (fp_line (start 7.7512 -1.2394) (end 7.7512 5.7606) (layer F.CrtYd) (width 0.05))
    (pad 4 thru_hole circle (at 6.5012 4.5106) (size 2 2) (drill 1) (layers *.Cu *.Mask)
      (net 11 "Net-(R2-Pad2)"))
    (pad 3 thru_hole circle (at 0.0012 4.5106) (size 2 2) (drill 1) (layers *.Cu *.Mask)
      (net 11 "Net-(R2-Pad2)"))
    (pad 2 thru_hole circle (at 6.5012 0.0106) (size 2 2) (drill 1) (layers *.Cu *.Mask)
      (net 7 /POTY))
    (pad 1 thru_hole rect (at 0.0012 0.0106) (size 2 2) (drill 1) (layers *.Cu *.Mask)
      (net 7 /POTY))
    (model "${KIPRJMOD}/Omron B3F-1000.step"
      (offset (xyz 3.25 -2.25 0))
      (scale (xyz 1 1 1))
      (rotate (xyz 0 0 0))
    )
  )

  (module digikey-footprints:Switch_Tactile_THT_B3F-1xxx (layer F.Cu) (tedit 5AF34B0A) (tstamp 5CD2270D)
    (at 193.2488 88.2394)
    (descr http://www.omron.com/ecb/products/pdf/en-b3f.pdf)
    (path /5CB94C26)
    (fp_text reference S6 (at 3.2512 -2.2094) (layer F.SilkS)
      (effects (font (size 1 1) (thickness 0.15)))
    )
    (fp_text value FIRE2 (at 3.2512 7.1006) (layer F.Fab)
      (effects (font (size 1 1) (thickness 0.15)))
    )
    (fp_line (start 7.7512 -1.2394) (end 7.7512 5.7606) (layer F.CrtYd) (width 0.05))
    (fp_line (start -1.2488 5.7606) (end -1.2488 -1.2394) (layer F.CrtYd) (width 0.05))
    (fp_line (start -1.2488 5.7606) (end 7.7512 5.7606) (layer F.CrtYd) (width 0.05))
    (fp_line (start -1.2488 -1.2394) (end 7.7512 -1.2394) (layer F.CrtYd) (width 0.05))
    (fp_line (start 2.3512 -0.8394) (end 4.1512 -0.8394) (layer F.SilkS) (width 0.1))
    (fp_line (start 0.1512 2.2606) (end 0.1512 3.1606) (layer F.SilkS) (width 0.1))
    (fp_line (start 0.1512 2.2606) (end 0.1512 1.3606) (layer F.SilkS) (width 0.1))
    (fp_line (start 6.3512 2.2606) (end 6.3512 3.1606) (layer F.SilkS) (width 0.1))
    (fp_line (start 6.3512 2.2606) (end 6.3512 1.3606) (layer F.SilkS) (width 0.1))
    (fp_line (start 2.3512 5.3606) (end 4.0512 5.3606) (layer F.SilkS) (width 0.1))
    (fp_text user %R (at 3.2512 2.2606) (layer F.Fab)
      (effects (font (size 1 1) (thickness 0.15)))
    )
    (fp_line (start 6.2512 5.2606) (end 6.2512 -0.7394) (layer F.Fab) (width 0.1))
    (fp_line (start 0.2512 -0.7394) (end 0.2512 5.2606) (layer F.Fab) (width 0.1))
    (fp_line (start 0.2512 5.2606) (end 6.2512 5.2606) (layer F.Fab) (width 0.1))
    (fp_line (start 0.2512 -0.7394) (end 6.2512 -0.7394) (layer F.Fab) (width 0.1))
    (pad 1 thru_hole rect (at 0.0012 0.0106) (size 2 2) (drill 1) (layers *.Cu *.Mask)
      (net 9 /POTX))
    (pad 2 thru_hole circle (at 6.5012 0.0106) (size 2 2) (drill 1) (layers *.Cu *.Mask)
      (net 9 /POTX))
    (pad 3 thru_hole circle (at 0.0012 4.5106) (size 2 2) (drill 1) (layers *.Cu *.Mask)
      (net 10 "Net-(R1-Pad2)"))
    (pad 4 thru_hole circle (at 6.5012 4.5106) (size 2 2) (drill 1) (layers *.Cu *.Mask)
      (net 10 "Net-(R1-Pad2)"))
    (model "${KIPRJMOD}/Omron B3F-1000.step"
      (offset (xyz 3.25 -2.25 0))
      (scale (xyz 1 1 1))
      (rotate (xyz 0 0 0))
    )
  )

  (module digikey-footprints:Switch_Tactile_THT_B3F-1xxx (layer F.Cu) (tedit 5AF34B0A) (tstamp 5C9D149E)
    (at 193.2488 105.2394)
    (descr http://www.omron.com/ecb/products/pdf/en-b3f.pdf)
    (path /5C90A140)
    (fp_text reference S7 (at 3.2512 -2.2094) (layer F.SilkS)
      (effects (font (size 1 1) (thickness 0.15)))
    )
    (fp_text value JUMP (at 3.2512 7.1006) (layer F.Fab)
      (effects (font (size 1 1) (thickness 0.15)))
    )
    (fp_line (start 7.7512 -1.2394) (end 7.7512 5.7606) (layer F.CrtYd) (width 0.05))
    (fp_line (start -1.2488 5.7606) (end -1.2488 -1.2394) (layer F.CrtYd) (width 0.05))
    (fp_line (start -1.2488 5.7606) (end 7.7512 5.7606) (layer F.CrtYd) (width 0.05))
    (fp_line (start -1.2488 -1.2394) (end 7.7512 -1.2394) (layer F.CrtYd) (width 0.05))
    (fp_line (start 2.3512 -0.8394) (end 4.1512 -0.8394) (layer F.SilkS) (width 0.1))
    (fp_line (start 0.1512 2.2606) (end 0.1512 3.1606) (layer F.SilkS) (width 0.1))
    (fp_line (start 0.1512 2.2606) (end 0.1512 1.3606) (layer F.SilkS) (width 0.1))
    (fp_line (start 6.3512 2.2606) (end 6.3512 3.1606) (layer F.SilkS) (width 0.1))
    (fp_line (start 6.3512 2.2606) (end 6.3512 1.3606) (layer F.SilkS) (width 0.1))
    (fp_line (start 2.3512 5.3606) (end 4.0512 5.3606) (layer F.SilkS) (width 0.1))
    (fp_text user %R (at 3.2512 2.2606) (layer F.Fab)
      (effects (font (size 1 1) (thickness 0.15)))
    )
    (fp_line (start 6.2512 5.2606) (end 6.2512 -0.7394) (layer F.Fab) (width 0.1))
    (fp_line (start 0.2512 -0.7394) (end 0.2512 5.2606) (layer F.Fab) (width 0.1))
    (fp_line (start 0.2512 5.2606) (end 6.2512 5.2606) (layer F.Fab) (width 0.1))
    (fp_line (start 0.2512 -0.7394) (end 6.2512 -0.7394) (layer F.Fab) (width 0.1))
    (pad 1 thru_hole rect (at 0.0012 0.0106) (size 2 2) (drill 1) (layers *.Cu *.Mask)
      (net 1 /GND))
    (pad 2 thru_hole circle (at 6.5012 0.0106) (size 2 2) (drill 1) (layers *.Cu *.Mask)
      (net 1 /GND))
    (pad 3 thru_hole circle (at 0.0012 4.5106) (size 2 2) (drill 1) (layers *.Cu *.Mask)
      (net 6 /UP))
    (pad 4 thru_hole circle (at 6.5012 4.5106) (size 2 2) (drill 1) (layers *.Cu *.Mask)
      (net 6 /UP))
    (model "${KIPRJMOD}/Omron B3F-1000.step"
      (offset (xyz 3.25 -2.25 0))
      (scale (xyz 1 1 1))
      (rotate (xyz 0 0 0))
    )
  )

  (module digikey-footprints:Switch_Tactile_THT_B3F-1xxx (layer F.Cu) (tedit 5AF34B0A) (tstamp 5C9D1487)
    (at 117.2488 88.2394)
    (descr http://www.omron.com/ecb/products/pdf/en-b3f.pdf)
    (path /5C909C22)
    (fp_text reference S5 (at 3.2512 -2.2094) (layer F.SilkS)
      (effects (font (size 1 1) (thickness 0.15)))
    )
    (fp_text value UP (at 3.2512 7.1006) (layer F.Fab)
      (effects (font (size 1 1) (thickness 0.15)))
    )
    (fp_line (start 0.2512 -0.7394) (end 6.2512 -0.7394) (layer F.Fab) (width 0.1))
    (fp_line (start 0.2512 5.2606) (end 6.2512 5.2606) (layer F.Fab) (width 0.1))
    (fp_line (start 0.2512 -0.7394) (end 0.2512 5.2606) (layer F.Fab) (width 0.1))
    (fp_line (start 6.2512 5.2606) (end 6.2512 -0.7394) (layer F.Fab) (width 0.1))
    (fp_text user %R (at 3.2512 2.2606) (layer F.Fab)
      (effects (font (size 1 1) (thickness 0.15)))
    )
    (fp_line (start 2.3512 5.3606) (end 4.0512 5.3606) (layer F.SilkS) (width 0.1))
    (fp_line (start 6.3512 2.2606) (end 6.3512 1.3606) (layer F.SilkS) (width 0.1))
    (fp_line (start 6.3512 2.2606) (end 6.3512 3.1606) (layer F.SilkS) (width 0.1))
    (fp_line (start 0.1512 2.2606) (end 0.1512 1.3606) (layer F.SilkS) (width 0.1))
    (fp_line (start 0.1512 2.2606) (end 0.1512 3.1606) (layer F.SilkS) (width 0.1))
    (fp_line (start 2.3512 -0.8394) (end 4.1512 -0.8394) (layer F.SilkS) (width 0.1))
    (fp_line (start -1.2488 -1.2394) (end 7.7512 -1.2394) (layer F.CrtYd) (width 0.05))
    (fp_line (start -1.2488 5.7606) (end 7.7512 5.7606) (layer F.CrtYd) (width 0.05))
    (fp_line (start -1.2488 5.7606) (end -1.2488 -1.2394) (layer F.CrtYd) (width 0.05))
    (fp_line (start 7.7512 -1.2394) (end 7.7512 5.7606) (layer F.CrtYd) (width 0.05))
    (pad 4 thru_hole circle (at 6.5012 4.5106) (size 2 2) (drill 1) (layers *.Cu *.Mask)
      (net 6 /UP))
    (pad 3 thru_hole circle (at 0.0012 4.5106) (size 2 2) (drill 1) (layers *.Cu *.Mask)
      (net 6 /UP))
    (pad 2 thru_hole circle (at 6.5012 0.0106) (size 2 2) (drill 1) (layers *.Cu *.Mask)
      (net 1 /GND))
    (pad 1 thru_hole rect (at 0.0012 0.0106) (size 2 2) (drill 1) (layers *.Cu *.Mask)
      (net 1 /GND))
    (model "${KIPRJMOD}/Omron B3F-1000.step"
      (offset (xyz 3.25 -2.25 0))
      (scale (xyz 1 1 1))
      (rotate (xyz 0 0 0))
    )
  )

  (module digikey-footprints:Switch_Tactile_THT_B3F-1xxx (layer F.Cu) (tedit 5AF34B0A) (tstamp 5C9D1470)
    (at 127.2488 96.7394)
    (descr http://www.omron.com/ecb/products/pdf/en-b3f.pdf)
    (path /5C909FB5)
    (fp_text reference S4 (at 3.2512 -2.2094) (layer F.SilkS)
      (effects (font (size 1 1) (thickness 0.15)))
    )
    (fp_text value RIGHT (at 3.2512 7.1006) (layer F.Fab)
      (effects (font (size 1 1) (thickness 0.15)))
    )
    (fp_line (start 0.2512 -0.7394) (end 6.2512 -0.7394) (layer F.Fab) (width 0.1))
    (fp_line (start 0.2512 5.2606) (end 6.2512 5.2606) (layer F.Fab) (width 0.1))
    (fp_line (start 0.2512 -0.7394) (end 0.2512 5.2606) (layer F.Fab) (width 0.1))
    (fp_line (start 6.2512 5.2606) (end 6.2512 -0.7394) (layer F.Fab) (width 0.1))
    (fp_text user %R (at 3.2512 2.2606) (layer F.Fab)
      (effects (font (size 1 1) (thickness 0.15)))
    )
    (fp_line (start 2.3512 5.3606) (end 4.0512 5.3606) (layer F.SilkS) (width 0.1))
    (fp_line (start 6.3512 2.2606) (end 6.3512 1.3606) (layer F.SilkS) (width 0.1))
    (fp_line (start 6.3512 2.2606) (end 6.3512 3.1606) (layer F.SilkS) (width 0.1))
    (fp_line (start 0.1512 2.2606) (end 0.1512 1.3606) (layer F.SilkS) (width 0.1))
    (fp_line (start 0.1512 2.2606) (end 0.1512 3.1606) (layer F.SilkS) (width 0.1))
    (fp_line (start 2.3512 -0.8394) (end 4.1512 -0.8394) (layer F.SilkS) (width 0.1))
    (fp_line (start -1.2488 -1.2394) (end 7.7512 -1.2394) (layer F.CrtYd) (width 0.05))
    (fp_line (start -1.2488 5.7606) (end 7.7512 5.7606) (layer F.CrtYd) (width 0.05))
    (fp_line (start -1.2488 5.7606) (end -1.2488 -1.2394) (layer F.CrtYd) (width 0.05))
    (fp_line (start 7.7512 -1.2394) (end 7.7512 5.7606) (layer F.CrtYd) (width 0.05))
    (pad 4 thru_hole circle (at 6.5012 4.5106) (size 2 2) (drill 1) (layers *.Cu *.Mask)
      (net 5 /RIGHT))
    (pad 3 thru_hole circle (at 0.0012 4.5106) (size 2 2) (drill 1) (layers *.Cu *.Mask)
      (net 5 /RIGHT))
    (pad 2 thru_hole circle (at 6.5012 0.0106) (size 2 2) (drill 1) (layers *.Cu *.Mask)
      (net 1 /GND))
    (pad 1 thru_hole rect (at 0.0012 0.0106) (size 2 2) (drill 1) (layers *.Cu *.Mask)
      (net 1 /GND))
    (model "${KIPRJMOD}/Omron B3F-1000.step"
      (offset (xyz 3.25 -2.25 0))
      (scale (xyz 1 1 1))
      (rotate (xyz 0 0 0))
    )
  )

  (module digikey-footprints:Switch_Tactile_THT_B3F-1xxx (layer F.Cu) (tedit 5AF34B0A) (tstamp 5C9D1459)
    (at 107.25 96.75)
    (descr http://www.omron.com/ecb/products/pdf/en-b3f.pdf)
    (path /5C909EFC)
    (fp_text reference S3 (at 3.2512 -2.2094) (layer F.SilkS)
      (effects (font (size 1 1) (thickness 0.15)))
    )
    (fp_text value LEFT (at 3.2512 7.1006) (layer F.Fab)
      (effects (font (size 1 1) (thickness 0.15)))
    )
    (fp_line (start 7.7512 -1.2394) (end 7.7512 5.7606) (layer F.CrtYd) (width 0.05))
    (fp_line (start -1.2488 5.7606) (end -1.2488 -1.2394) (layer F.CrtYd) (width 0.05))
    (fp_line (start -1.2488 5.7606) (end 7.7512 5.7606) (layer F.CrtYd) (width 0.05))
    (fp_line (start -1.2488 -1.2394) (end 7.7512 -1.2394) (layer F.CrtYd) (width 0.05))
    (fp_line (start 2.3512 -0.8394) (end 4.1512 -0.8394) (layer F.SilkS) (width 0.1))
    (fp_line (start 0.1512 2.2606) (end 0.1512 3.1606) (layer F.SilkS) (width 0.1))
    (fp_line (start 0.1512 2.2606) (end 0.1512 1.3606) (layer F.SilkS) (width 0.1))
    (fp_line (start 6.3512 2.2606) (end 6.3512 3.1606) (layer F.SilkS) (width 0.1))
    (fp_line (start 6.3512 2.2606) (end 6.3512 1.3606) (layer F.SilkS) (width 0.1))
    (fp_line (start 2.3512 5.3606) (end 4.0512 5.3606) (layer F.SilkS) (width 0.1))
    (fp_text user %R (at 3.2512 2.2606) (layer F.Fab)
      (effects (font (size 1 1) (thickness 0.15)))
    )
    (fp_line (start 6.2512 5.2606) (end 6.2512 -0.7394) (layer F.Fab) (width 0.1))
    (fp_line (start 0.2512 -0.7394) (end 0.2512 5.2606) (layer F.Fab) (width 0.1))
    (fp_line (start 0.2512 5.2606) (end 6.2512 5.2606) (layer F.Fab) (width 0.1))
    (fp_line (start 0.2512 -0.7394) (end 6.2512 -0.7394) (layer F.Fab) (width 0.1))
    (pad 1 thru_hole rect (at 0.0012 0.0106) (size 2 2) (drill 1) (layers *.Cu *.Mask)
      (net 1 /GND))
    (pad 2 thru_hole circle (at 6.5012 0.0106) (size 2 2) (drill 1) (layers *.Cu *.Mask)
      (net 1 /GND))
    (pad 3 thru_hole circle (at 0.0012 4.5106) (size 2 2) (drill 1) (layers *.Cu *.Mask)
      (net 4 /LEFT))
    (pad 4 thru_hole circle (at 6.5012 4.5106) (size 2 2) (drill 1) (layers *.Cu *.Mask)
      (net 4 /LEFT))
    (model "${KIPRJMOD}/Omron B3F-1000.step"
      (offset (xyz 3.25 -2.25 0))
      (scale (xyz 1 1 1))
      (rotate (xyz 0 0 0))
    )
  )

  (module digikey-footprints:Switch_Tactile_THT_B3F-1xxx (layer F.Cu) (tedit 5AF34B0A) (tstamp 5C9D1442)
    (at 117.25 105.25)
    (descr http://www.omron.com/ecb/products/pdf/en-b3f.pdf)
    (path /5C909EAC)
    (fp_text reference S2 (at 3.2512 -2.2094) (layer F.SilkS)
      (effects (font (size 1 1) (thickness 0.15)))
    )
    (fp_text value DOWN (at 3.2512 7.1006) (layer F.Fab)
      (effects (font (size 1 1) (thickness 0.15)))
    )
    (fp_line (start 0.2512 -0.7394) (end 6.2512 -0.7394) (layer F.Fab) (width 0.1))
    (fp_line (start 0.2512 5.2606) (end 6.2512 5.2606) (layer F.Fab) (width 0.1))
    (fp_line (start 0.2512 -0.7394) (end 0.2512 5.2606) (layer F.Fab) (width 0.1))
    (fp_line (start 6.2512 5.2606) (end 6.2512 -0.7394) (layer F.Fab) (width 0.1))
    (fp_text user %R (at 3.2512 2.2606) (layer F.Fab)
      (effects (font (size 1 1) (thickness 0.15)))
    )
    (fp_line (start 2.3512 5.3606) (end 4.0512 5.3606) (layer F.SilkS) (width 0.1))
    (fp_line (start 6.3512 2.2606) (end 6.3512 1.3606) (layer F.SilkS) (width 0.1))
    (fp_line (start 6.3512 2.2606) (end 6.3512 3.1606) (layer F.SilkS) (width 0.1))
    (fp_line (start 0.1512 2.2606) (end 0.1512 1.3606) (layer F.SilkS) (width 0.1))
    (fp_line (start 0.1512 2.2606) (end 0.1512 3.1606) (layer F.SilkS) (width 0.1))
    (fp_line (start 2.3512 -0.8394) (end 4.1512 -0.8394) (layer F.SilkS) (width 0.1))
    (fp_line (start -1.2488 -1.2394) (end 7.7512 -1.2394) (layer F.CrtYd) (width 0.05))
    (fp_line (start -1.2488 5.7606) (end 7.7512 5.7606) (layer F.CrtYd) (width 0.05))
    (fp_line (start -1.2488 5.7606) (end -1.2488 -1.2394) (layer F.CrtYd) (width 0.05))
    (fp_line (start 7.7512 -1.2394) (end 7.7512 5.7606) (layer F.CrtYd) (width 0.05))
    (pad 4 thru_hole circle (at 6.5012 4.5106) (size 2 2) (drill 1) (layers *.Cu *.Mask)
      (net 3 /DOWN))
    (pad 3 thru_hole circle (at 0.0012 4.5106) (size 2 2) (drill 1) (layers *.Cu *.Mask)
      (net 3 /DOWN))
    (pad 2 thru_hole circle (at 6.5012 0.0106) (size 2 2) (drill 1) (layers *.Cu *.Mask)
      (net 1 /GND))
    (pad 1 thru_hole rect (at 0.0012 0.0106) (size 2 2) (drill 1) (layers *.Cu *.Mask)
      (net 1 /GND))
    (model "${KIPRJMOD}/Omron B3F-1000.step"
      (offset (xyz 3.25 -2.25 0))
      (scale (xyz 1 1 1))
      (rotate (xyz 0 0 0))
    )
  )

  (module digikey-footprints:Switch_Tactile_THT_B3F-1xxx (layer F.Cu) (tedit 5AF34B0A) (tstamp 5CB1D4A8)
    (at 183.2488 96.7394)
    (descr http://www.omron.com/ecb/products/pdf/en-b3f.pdf)
    (path /5C90A063)
    (fp_text reference S1 (at 3.2512 -2.2094) (layer F.SilkS)
      (effects (font (size 1 1) (thickness 0.15)))
    )
    (fp_text value FIRE (at 3.2512 7.1006) (layer F.Fab)
      (effects (font (size 1 1) (thickness 0.15)))
    )
    (fp_line (start 7.7512 -1.2394) (end 7.7512 5.7606) (layer F.CrtYd) (width 0.05))
    (fp_line (start -1.2488 5.7606) (end -1.2488 -1.2394) (layer F.CrtYd) (width 0.05))
    (fp_line (start -1.2488 5.7606) (end 7.7512 5.7606) (layer F.CrtYd) (width 0.05))
    (fp_line (start -1.2488 -1.2394) (end 7.7512 -1.2394) (layer F.CrtYd) (width 0.05))
    (fp_line (start 2.3512 -0.8394) (end 4.1512 -0.8394) (layer F.SilkS) (width 0.1))
    (fp_line (start 0.1512 2.2606) (end 0.1512 3.1606) (layer F.SilkS) (width 0.1))
    (fp_line (start 0.1512 2.2606) (end 0.1512 1.3606) (layer F.SilkS) (width 0.1))
    (fp_line (start 6.3512 2.2606) (end 6.3512 3.1606) (layer F.SilkS) (width 0.1))
    (fp_line (start 6.3512 2.2606) (end 6.3512 1.3606) (layer F.SilkS) (width 0.1))
    (fp_line (start 2.3512 5.3606) (end 4.0512 5.3606) (layer F.SilkS) (width 0.1))
    (fp_text user %R (at 3.2512 2.2606) (layer F.Fab)
      (effects (font (size 1 1) (thickness 0.15)))
    )
    (fp_line (start 6.2512 5.2606) (end 6.2512 -0.7394) (layer F.Fab) (width 0.1))
    (fp_line (start 0.2512 -0.7394) (end 0.2512 5.2606) (layer F.Fab) (width 0.1))
    (fp_line (start 0.2512 5.2606) (end 6.2512 5.2606) (layer F.Fab) (width 0.1))
    (fp_line (start 0.2512 -0.7394) (end 6.2512 -0.7394) (layer F.Fab) (width 0.1))
    (pad 1 thru_hole rect (at 0.0012 0.0106) (size 2 2) (drill 1) (layers *.Cu *.Mask)
      (net 1 /GND))
    (pad 2 thru_hole circle (at 6.5012 0.0106) (size 2 2) (drill 1) (layers *.Cu *.Mask)
      (net 1 /GND))
    (pad 3 thru_hole circle (at 0.0012 4.5106) (size 2 2) (drill 1) (layers *.Cu *.Mask)
      (net 2 /FIRE))
    (pad 4 thru_hole circle (at 6.5012 4.5106) (size 2 2) (drill 1) (layers *.Cu *.Mask)
      (net 2 /FIRE))
    (model "${KIPRJMOD}/Omron B3F-1000.step"
      (offset (xyz 3.25 -2.25 0))
      (scale (xyz 1 1 1))
      (rotate (xyz 0 0 0))
    )
  )

  (module MountingHole:MountingHole_3mm (layer F.Cu) (tedit 5CB95F73) (tstamp 5CD270CE)
    (at 106 86.5)
    (descr "Mounting Hole 3mm, no annular")
    (tags "mounting hole 3mm no annular")
    (attr virtual)
    (fp_text reference 3mm_UL (at 0 -4) (layer F.SilkS) hide
      (effects (font (size 1 1) (thickness 0.15)))
    )
    (fp_text value MountingHole_3mm (at 0 4) (layer F.Fab) hide
      (effects (font (size 1 1) (thickness 0.15)))
    )
    (fp_circle (center 0 0) (end 3.25 0) (layer F.CrtYd) (width 0.05))
    (fp_circle (center 0 0) (end 3 0) (layer Cmts.User) (width 0.15))
    (fp_text user %R (at 0.3 0) (layer F.Fab)
      (effects (font (size 1 1) (thickness 0.15)))
    )
    (pad 1 np_thru_hole circle (at 0 0) (size 3 3) (drill 3) (layers *.Cu *.Mask))
  )

  (module MountingHole:MountingHole_3mm (layer F.Cu) (tedit 5CB95F8D) (tstamp 5CD270EC)
    (at 106 111.5)
    (descr "Mounting Hole 3mm, no annular")
    (tags "mounting hole 3mm no annular")
    (attr virtual)
    (fp_text reference 3mm_LL (at 0 -4) (layer F.SilkS) hide
      (effects (font (size 1 1) (thickness 0.15)))
    )
    (fp_text value MountingHole_3mm (at 0 4) (layer F.Fab) hide
      (effects (font (size 1 1) (thickness 0.15)))
    )
    (fp_circle (center 0 0) (end 3.25 0) (layer F.CrtYd) (width 0.05))
    (fp_circle (center 0 0) (end 3 0) (layer Cmts.User) (width 0.15))
    (fp_text user %R (at 0.3 0) (layer F.Fab)
      (effects (font (size 1 1) (thickness 0.15)))
    )
    (pad 1 np_thru_hole circle (at 0 0) (size 3 3) (drill 3) (layers *.Cu *.Mask))
  )

  (module MountingHole:MountingHole_3mm (layer F.Cu) (tedit 5CB95F9D) (tstamp 5CD27102)
    (at 211 86.5)
    (descr "Mounting Hole 3mm, no annular")
    (tags "mounting hole 3mm no annular")
    (attr virtual)
    (fp_text reference 3mm_UR (at 0 -4) (layer F.SilkS) hide
      (effects (font (size 1 1) (thickness 0.15)))
    )
    (fp_text value MountingHole_3mm (at 0 4) (layer F.Fab) hide
      (effects (font (size 1 1) (thickness 0.15)))
    )
    (fp_circle (center 0 0) (end 3.25 0) (layer F.CrtYd) (width 0.05))
    (fp_circle (center 0 0) (end 3 0) (layer Cmts.User) (width 0.15))
    (fp_text user %R (at 0.3 0) (layer F.Fab)
      (effects (font (size 1 1) (thickness 0.15)))
    )
    (pad 1 np_thru_hole circle (at 0 0) (size 3 3) (drill 3) (layers *.Cu *.Mask))
  )

  (module MountingHole:MountingHole_3mm (layer F.Cu) (tedit 5CB95FC1) (tstamp 5CD27118)
    (at 211 111.5)
    (descr "Mounting Hole 3mm, no annular")
    (tags "mounting hole 3mm no annular")
    (attr virtual)
    (fp_text reference 3mm_LR (at 0 -4) (layer F.SilkS) hide
      (effects (font (size 1 1) (thickness 0.15)))
    )
    (fp_text value MountingHole_3mm (at 0 4) (layer F.Fab) hide
      (effects (font (size 1 1) (thickness 0.15)))
    )
    (fp_circle (center 0 0) (end 3.25 0) (layer F.CrtYd) (width 0.05))
    (fp_circle (center 0 0) (end 3 0) (layer Cmts.User) (width 0.15))
    (fp_text user %R (at 0.3 0) (layer F.Fab)
      (effects (font (size 1 1) (thickness 0.15)))
    )
    (pad 1 np_thru_hole circle (at 0 0) (size 3 3) (drill 3) (layers *.Cu *.Mask))
  )

  (module MountingHole:MountingHole_6mm (layer F.Cu) (tedit 5CB95FD2) (tstamp 5CD2713D)
    (at 158.5 111.5)
    (descr "Mounting Hole 6mm, no annular")
    (tags "mounting hole 6mm no annular")
    (attr virtual)
    (fp_text reference 6mm_C (at 0 -7) (layer F.SilkS) hide
      (effects (font (size 1 1) (thickness 0.15)))
    )
    (fp_text value MountingHole_6mm (at 0 7) (layer F.Fab) hide
      (effects (font (size 1 1) (thickness 0.15)))
    )
    (fp_circle (center 0 0) (end 6.25 0) (layer F.CrtYd) (width 0.05))
    (fp_circle (center 0 0) (end 6 0) (layer Cmts.User) (width 0.15))
    (fp_text user %R (at 0.3 0) (layer F.Fab)
      (effects (font (size 1 1) (thickness 0.15)))
    )
    (pad 1 np_thru_hole circle (at 0 0) (size 6 6) (drill 6) (layers *.Cu *.Mask))
  )

  (gr_text "Open Source Hardware" (at 158.5 100) (layer B.SilkS)
    (effects (font (size 1.5 1.5) (thickness 0.3)) (justify mirror))
  )
  (gr_text http://github.com/jtgans/RetroPad (at 158.5 102.75) (layer B.SilkS)
    (effects (font (size 1.5 1.5) (thickness 0.3)) (justify mirror))
  )
  (dimension 10 (width 0.3) (layer Dwgs.User)
    (gr_text "10.000 mm" (at 101 125.6) (layer Dwgs.User)
      (effects (font (size 1.5 1.5) (thickness 0.3)))
    )
    (feature1 (pts (xy 96 111.5) (xy 96 124.086421)))
    (feature2 (pts (xy 106 111.5) (xy 106 124.086421)))
    (crossbar (pts (xy 106 123.5) (xy 96 123.5)))
    (arrow1a (pts (xy 96 123.5) (xy 97.126504 122.913579)))
    (arrow1b (pts (xy 96 123.5) (xy 97.126504 124.086421)))
    (arrow2a (pts (xy 106 123.5) (xy 104.873496 122.913579)))
    (arrow2b (pts (xy 106 123.5) (xy 104.873496 124.086421)))
  )
  (gr_line (start 158.5 79.5) (end 158.5 118.5) (layer Dwgs.User) (width 0.2))
  (dimension 52.5 (width 0.3) (layer Dwgs.User)
    (gr_text "52.500 mm" (at 184.75 64.4) (layer Dwgs.User)
      (effects (font (size 1.5 1.5) (thickness 0.3)))
    )
    (feature1 (pts (xy 158.5 79.5) (xy 158.5 65.913579)))
    (feature2 (pts (xy 211 79.5) (xy 211 65.913579)))
    (crossbar (pts (xy 211 66.5) (xy 158.5 66.5)))
    (arrow1a (pts (xy 158.5 66.5) (xy 159.626504 65.913579)))
    (arrow1b (pts (xy 158.5 66.5) (xy 159.626504 67.086421)))
    (arrow2a (pts (xy 211 66.5) (xy 209.873496 65.913579)))
    (arrow2b (pts (xy 211 66.5) (xy 209.873496 67.086421)))
  )
  (gr_line (start 99 99) (end 218 99) (layer Dwgs.User) (width 0.2))
  (dimension 12.5 (width 0.3) (layer Dwgs.User)
    (gr_text "12.500 mm" (at 92.4 105.25 90) (layer Dwgs.User)
      (effects (font (size 1.5 1.5) (thickness 0.3)))
    )
    (feature1 (pts (xy 99 99) (xy 93.913579 99)))
    (feature2 (pts (xy 99 111.5) (xy 93.913579 111.5)))
    (crossbar (pts (xy 94.5 111.5) (xy 94.5 99)))
    (arrow1a (pts (xy 94.5 99) (xy 95.086421 100.126504)))
    (arrow1b (pts (xy 94.5 99) (xy 93.913579 100.126504)))
    (arrow2a (pts (xy 94.5 111.5) (xy 95.086421 110.373496)))
    (arrow2b (pts (xy 94.5 111.5) (xy 93.913579 110.373496)))
  )
  (dimension 105 (width 0.3) (layer Dwgs.User) (tstamp 5CD2723B)
    (gr_text "105.000 mm" (at 158.5 68.9) (layer Dwgs.User) (tstamp 5CD2723B)
      (effects (font (size 1.5 1.5) (thickness 0.3)))
    )
    (feature1 (pts (xy 211 79.5) (xy 211 70.413579)))
    (feature2 (pts (xy 106 79.5) (xy 106 70.413579)))
    (crossbar (pts (xy 106 71) (xy 211 71)))
    (arrow1a (pts (xy 211 71) (xy 209.873496 71.586421)))
    (arrow1b (pts (xy 211 71) (xy 209.873496 70.413579)))
    (arrow2a (pts (xy 106 71) (xy 107.126504 71.586421)))
    (arrow2b (pts (xy 106 71) (xy 107.126504 70.413579)))
  )
  (dimension 25 (width 0.3) (layer Dwgs.User)
    (gr_text "25.000 mm" (at 87.65 99 270) (layer Dwgs.User)
      (effects (font (size 1.5 1.5) (thickness 0.3)))
    )
    (feature1 (pts (xy 99 111.5) (xy 89.163579 111.5)))
    (feature2 (pts (xy 99 86.5) (xy 89.163579 86.5)))
    (crossbar (pts (xy 89.75 86.5) (xy 89.75 111.5)))
    (arrow1a (pts (xy 89.75 111.5) (xy 89.163579 110.373496)))
    (arrow1b (pts (xy 89.75 111.5) (xy 90.336421 110.373496)))
    (arrow2a (pts (xy 89.75 86.5) (xy 89.163579 87.626504)))
    (arrow2b (pts (xy 89.75 86.5) (xy 90.336421 87.626504)))
  )
  (gr_line (start 218 111.5) (end 99 111.5) (layer Dwgs.User) (width 0.2))
  (gr_line (start 211 79.5) (end 211 118.5) (layer Dwgs.User) (width 0.2))
  (gr_line (start 99 86.5) (end 218 86.5) (layer Dwgs.User) (width 0.2))
  (gr_line (start 106 118.5) (end 106 79.5) (layer Dwgs.User) (width 0.2))
  (gr_text "RetroPad v2.0 by June Tate-Gans" (at 158.5 102.25) (layer F.SilkS)
    (effects (font (size 1.5 1.5) (thickness 0.3)))
  )
  (gr_line (start 99 111.5) (end 106 118.5) (layer Margin) (width 0.2))
  (gr_line (start 106 79.5) (end 99 86.5) (layer Margin) (width 0.2))
  (gr_line (start 211 79.5) (end 218 86.5) (layer Margin) (width 0.2))
  (gr_line (start 211 118.5) (end 218 111.5) (layer Margin) (width 0.2))
  (gr_line (start 96 84) (end 103.5 76.5) (layer Edge.Cuts) (width 0.15))
  (gr_line (start 103.5 121.5) (end 96 114) (layer Edge.Cuts) (width 0.15))
  (gr_line (start 221 114) (end 213.5 121.5) (layer Edge.Cuts) (width 0.15))
  (gr_line (start 213.5 76.5) (end 221 84) (layer Edge.Cuts) (width 0.15))
  (gr_line (start 99 111.5) (end 99 86.5) (layer Margin) (width 0.2))
  (gr_line (start 211 118.5) (end 106 118.5) (layer Margin) (width 0.2))
  (gr_line (start 218 86.5) (end 218 111.5) (layer Margin) (width 0.2))
  (gr_line (start 106 79.5) (end 211 79.5) (layer Margin) (width 0.2))
  (gr_line (start 96 114) (end 96 84) (layer Edge.Cuts) (width 0.15))
  (gr_line (start 213.5 121.5) (end 103.5 121.5) (layer Edge.Cuts) (width 0.15))
  (gr_line (start 221 84) (end 221 114) (layer Edge.Cuts) (width 0.15))
  (gr_line (start 103.5 76.5) (end 213.5 76.5) (layer Edge.Cuts) (width 0.15))

  (segment (start 188.335787 101.25) (end 183.25 101.25) (width 0.25) (layer F.Cu) (net 2))
  (segment (start 189.75 101.25) (end 188.335787 101.25) (width 0.25) (layer F.Cu) (net 2))
  (segment (start 164.024213 90.83) (end 162.61 90.83) (width 0.25) (layer B.Cu) (net 2))
  (segment (start 164.69359 90.83) (end 164.024213 90.83) (width 0.25) (layer B.Cu) (net 2))
  (segment (start 165.75 91.88641) (end 164.69359 90.83) (width 0.25) (layer B.Cu) (net 2))
  (segment (start 165.75 97.636411) (end 165.75 91.88641) (width 0.25) (layer B.Cu) (net 2))
  (segment (start 167.613589 99.5) (end 165.75 97.636411) (width 0.25) (layer B.Cu) (net 2))
  (segment (start 181.5 99.5) (end 167.613589 99.5) (width 0.25) (layer B.Cu) (net 2))
  (segment (start 183.25 101.25) (end 181.5 99.5) (width 0.25) (layer B.Cu) (net 2))
  (segment (start 117.2512 109.7606) (end 123.7512 109.7606) (width 0.25) (layer F.Cu) (net 3))
  (segment (start 138 100.25) (end 128.4894 109.7606) (width 0.25) (layer F.Cu) (net 3))
  (segment (start 128.4894 109.7606) (end 123.7512 109.7606) (width 0.25) (layer F.Cu) (net 3))
  (segment (start 144.25 100.25) (end 138 100.25) (width 0.25) (layer F.Cu) (net 3))
  (segment (start 148.5 96) (end 144.25 100.25) (width 0.25) (layer F.Cu) (net 3))
  (segment (start 158.91 96) (end 148.5 96) (width 0.25) (layer F.Cu) (net 3))
  (segment (start 161.24 93.67) (end 158.91 96) (width 0.25) (layer F.Cu) (net 3))
  (segment (start 107.2512 101.2606) (end 113.7512 101.2606) (width 0.25) (layer F.Cu) (net 4))
  (segment (start 114.751199 100.260601) (end 113.7512 101.2606) (width 0.25) (layer F.Cu) (net 4))
  (segment (start 120.0118 95) (end 114.751199 100.260601) (width 0.25) (layer F.Cu) (net 4))
  (segment (start 159.92 92.25) (end 164.75 92.25) (width 0.25) (layer F.Cu) (net 4))
  (segment (start 125.75 93.75) (end 124.5 95) (width 0.25) (layer F.Cu) (net 4))
  (segment (start 125.75 91.5) (end 125.75 93.75) (width 0.25) (layer F.Cu) (net 4))
  (segment (start 132.25 85) (end 125.75 91.5) (width 0.25) (layer F.Cu) (net 4))
  (segment (start 162 85) (end 132.25 85) (width 0.25) (layer F.Cu) (net 4))
  (segment (start 166 89) (end 162 85) (width 0.25) (layer F.Cu) (net 4))
  (segment (start 124.5 95) (end 120.0118 95) (width 0.25) (layer F.Cu) (net 4))
  (segment (start 158.5 93.67) (end 159.92 92.25) (width 0.25) (layer F.Cu) (net 4))
  (segment (start 166 91) (end 166 89) (width 0.25) (layer F.Cu) (net 4))
