(kicad_pcb (version 20171130) (host pcbnew "(5.0.1-3-g963ef8bb5)")

  (general
    (thickness 1.6)
    (drawings 17)
    (tracks 40)
    (zones 0)
    (modules 13)
    (nets 10)
  )

  (page A4)
  (layers
    (0 F.Cu signal)
    (31 B.Cu signal)
    (32 B.Adhes user)
    (33 F.Adhes user)
    (34 B.Paste user)
    (35 F.Paste user)
    (36 B.SilkS user)
    (37 F.SilkS user)
    (38 B.Mask user)
    (39 F.Mask user)
    (40 Dwgs.User user)
    (41 Cmts.User user)
    (42 Eco1.User user)
    (43 Eco2.User user)
    (44 Edge.Cuts user)
    (45 Margin user)
    (46 B.CrtYd user)
    (47 F.CrtYd user)
    (48 B.Fab user)
    (49 F.Fab user)
  )

  (setup
    (last_trace_width 0.25)
    (trace_clearance 0.2)
    (zone_clearance 0.508)
    (zone_45_only no)
    (trace_min 0.2)
    (segment_width 0.2)
    (edge_width 0.15)
    (via_size 0.8)
    (via_drill 0.4)
    (via_min_size 0.4)
    (via_min_drill 0.3)
    (uvia_size 0.3)
    (uvia_drill 0.1)
    (uvias_allowed no)
    (uvia_min_size 0.2)
    (uvia_min_drill 0.1)
    (pcb_text_width 0.3)
    (pcb_text_size 1.5 1.5)
    (mod_edge_width 0.15)
    (mod_text_size 1 1)
    (mod_text_width 0.15)
    (pad_size 1.524 1.524)
    (pad_drill 0.762)
    (pad_to_mask_clearance 0.051)
    (solder_mask_min_width 0.25)
    (aux_axis_origin 0 0)
    (visible_elements FFFFFF7F)
    (pcbplotparams
      (layerselection 0x010fc_ffffffff)
      (usegerberextensions false)
      (usegerberattributes false)
      (usegerberadvancedattributes false)
      (creategerberjobfile false)
      (excludeedgelayer true)
      (linewidth 0.100000)
      (plotframeref false)
      (viasonmask false)
      (mode 1)
      (useauxorigin false)
      (hpglpennumber 1)
      (hpglpenspeed 20)
      (hpglpendiameter 15.000000)
      (psnegative false)
      (psa4output false)
      (plotreference true)
      (plotvalue true)
      (plotinvisibletext false)
      (padsonsilk false)
      (subtractmaskfromsilk false)
      (outputformat 1)
      (mirror false)
      (drillshape 1)
      (scaleselection 1)
      (outputdirectory ""))
  )

  (net 0 "")
  (net 1 /GND)
  (net 2 /FIRE)
  (net 3 /DOWN)
  (net 4 /LEFT)
  (net 5 /RIGHT)
  (net 6 /UP)
  (net 7 /POTY)
  (net 8 /5V)
  (net 9 /POTX)

  (net_class Default "This is the default net class."
    (clearance 0.2)
    (trace_width 0.25)
    (via_dia 0.8)
    (via_drill 0.4)
    (uvia_dia 0.3)
    (uvia_drill 0.1)
    (add_net /5V)
    (add_net /DOWN)
    (add_net /FIRE)
    (add_net /GND)
    (add_net /LEFT)
    (add_net /POTX)
    (add_net /POTY)
    (add_net /RIGHT)
    (add_net /UP)
  )

  (module Connector_Dsub:DSUB-9-Pads (layer F.Cu) (tedit 5C90902E) (tstamp 5C9D17A0)
    (at 111 74)
    (descr "9-pin D-Sub connector, straight/vertical, THT-mount, female, pitch 2.77x2.84mm, distance of mounting holes 25mm, see https://disti-assets.s3.amazonaws.com/tonar/files/datasheets/16730.pdf")
    (tags "9-pin D-Sub connector straight vertical THT female pitch 2.77x2.84mm mounting holes distance 25mm")
    (path /5C905E81)
    (fp_text reference J1 (at -5.54 -2.54) (layer F.SilkS)
      (effects (font (size 1 1) (thickness 0.15)))
    )
    (fp_text value DB9_Female (at -5.54 8.73) (layer F.Fab)
      (effects (font (size 1 1) (thickness 0.15)))
    )
    (fp_text user %R (at -5.54 1.42) (layer F.Fab)
      (effects (font (size 1 1) (thickness 0.15)))
    )
    (pad 1 thru_hole rect (at 0 0) (size 1.6 1.6) (drill 1) (layers *.Cu *.Mask)
      (net 6 /UP))
    (pad 2 thru_hole circle (at -2.77 0) (size 1.6 1.6) (drill 1) (layers *.Cu *.Mask)
      (net 3 /DOWN))
    (pad 3 thru_hole circle (at -5.54 0) (size 1.6 1.6) (drill 1) (layers *.Cu *.Mask)
      (net 4 /LEFT))
    (pad 4 thru_hole circle (at -8.31 0) (size 1.6 1.6) (drill 1) (layers *.Cu *.Mask)
      (net 5 /RIGHT))
    (pad 5 thru_hole circle (at -11.08 0) (size 1.6 1.6) (drill 1) (layers *.Cu *.Mask)
      (net 7 /POTY))
    (pad 6 thru_hole circle (at -1.385 2.84) (size 1.6 1.6) (drill 1) (layers *.Cu *.Mask)
      (net 2 /FIRE))
    (pad 7 thru_hole circle (at -4.155 2.84) (size 1.6 1.6) (drill 1) (layers *.Cu *.Mask)
      (net 8 /5V))
    (pad 8 thru_hole circle (at -6.925 2.84) (size 1.6 1.6) (drill 1) (layers *.Cu *.Mask)
      (net 1 /GND))
    (pad 9 thru_hole circle (at -9.695 2.84) (size 1.6 1.6) (drill 1) (layers *.Cu *.Mask)
      (net 9 /POTX))
    (model ${KISYS3DMOD}/Connector_Dsub.3dshapes/DSUB-9_Female_Vertical_P2.77x2.84mm.wrl
      (at (xyz 0 0 0))
      (scale (xyz 1 1 1))
      (rotate (xyz 0 0 0))
    )
  )

  (module MountingHole:MountingHole_3mm_Pad (layer F.Cu) (tedit 5C908FC8) (tstamp 5CA8E0D3)
    (at 50 50)
    (descr "Mounting Hole 3mm")
    (tags "mounting hole 3mm")
    (attr virtual)
    (fp_text reference "" (at 0 -4) (layer F.SilkS)
      (effects (font (size 1 1) (thickness 0.15)))
    )
    (fp_text value "" (at 0 4) (layer F.Fab)
      (effects (font (size 1 1) (thickness 0.15)))
    )
    (fp_circle (center 0 0) (end 3.25 0) (layer F.CrtYd) (width 0.05))
    (fp_circle (center 0 0) (end 3 0) (layer Cmts.User) (width 0.15))
    (fp_text user %R (at 0.3 0) (layer F.Fab)
      (effects (font (size 1 1) (thickness 0.15)))
    )
    (pad 1 thru_hole circle (at 0 0) (size 6 6) (drill 3) (layers *.Cu *.Mask))
  )

  (module MountingHole:MountingHole_3mm_Pad (layer F.Cu) (tedit 5C908FCB) (tstamp 5CA8E0E2)
    (at 50 75)
    (descr "Mounting Hole 3mm")
    (tags "mounting hole 3mm")
    (attr virtual)
    (fp_text reference "" (at 0 -4) (layer F.SilkS)
      (effects (font (size 1 1) (thickness 0.15)))
    )
    (fp_text value "" (at 0 4) (layer F.Fab)
      (effects (font (size 1 1) (thickness 0.15)))
    )
    (fp_circle (center 0 0) (end 3.25 0) (layer F.CrtYd) (width 0.05))
    (fp_circle (center 0 0) (end 3 0) (layer Cmts.User) (width 0.15))
    (fp_text user %R (at 0.3 0) (layer F.Fab)
      (effects (font (size 1 1) (thickness 0.15)))
    )
    (pad 1 thru_hole circle (at 0 0) (size 6 6) (drill 3) (layers *.Cu *.Mask))
  )

  (module MountingHole:MountingHole_3mm_Pad (layer F.Cu) (tedit 5C908FC0) (tstamp 5CA8E0F1)
    (at 154.75 50)
    (descr "Mounting Hole 3mm")
    (tags "mounting hole 3mm")
    (attr virtual)
    (fp_text reference "" (at 0 -4) (layer F.SilkS)
      (effects (font (size 1 1) (thickness 0.15)))
    )
    (fp_text value "" (at 0 4) (layer F.Fab)
      (effects (font (size 1 1) (thickness 0.15)))
    )
    (fp_circle (center 0 0) (end 3.25 0) (layer F.CrtYd) (width 0.05))
    (fp_circle (center 0 0) (end 3 0) (layer Cmts.User) (width 0.15))
    (fp_text user %R (at 0.3 0) (layer F.Fab)
      (effects (font (size 1 1) (thickness 0.15)))
    )
    (pad 1 thru_hole circle (at 0 0) (size 6 6) (drill 3) (layers *.Cu *.Mask))
  )

  (module MountingHole:MountingHole_3mm_Pad (layer F.Cu) (tedit 5C908FC3) (tstamp 5CA8E100)
    (at 155 75)
    (descr "Mounting Hole 3mm")
    (tags "mounting hole 3mm")
    (attr virtual)
    (fp_text reference "" (at 0 -4) (layer F.SilkS)
      (effects (font (size 1 1) (thickness 0.15)))
    )
    (fp_text value "" (at 0 4) (layer F.Fab)
      (effects (font (size 1 1) (thickness 0.15)))
    )
    (fp_circle (center 0 0) (end 3.25 0) (layer F.CrtYd) (width 0.05))
    (fp_circle (center 0 0) (end 3 0) (layer Cmts.User) (width 0.15))
    (fp_text user %R (at 0.3 0) (layer F.Fab)
      (effects (font (size 1 1) (thickness 0.15)))
    )
    (pad 1 thru_hole circle (at 0 0) (size 6 6) (drill 3) (layers *.Cu *.Mask))
  )

  (module MountingHole:MountingHole_5mm (layer F.Cu) (tedit 5C908FD3) (tstamp 5CA8E1E3)
    (at 100.5 51.5)
    (descr "Mounting Hole 5mm, no annular")
    (tags "mounting hole 5mm no annular")
    (attr virtual)
    (fp_text reference "" (at 0 -6) (layer F.SilkS)
      (effects (font (size 1 1) (thickness 0.15)))
    )
    (fp_text value "" (at 0 6) (layer F.Fab)
      (effects (font (size 1 1) (thickness 0.15)))
    )
    (fp_circle (center 0 0) (end 5.25 0) (layer F.CrtYd) (width 0.05))
    (fp_circle (center 0 0) (end 5 0) (layer Cmts.User) (width 0.15))
    (fp_text user %R (at 0.3 0) (layer F.Fab)
      (effects (font (size 1 1) (thickness 0.15)))
    )
    (pad 1 np_thru_hole circle (at 0 0) (size 5 5) (drill 5) (layers *.Cu *.Mask))
  )

  (module MountingHole:MountingHole_5mm (layer F.Cu) (tedit 5C908FD6) (tstamp 5CA8E200)
    (at 110 63.25)
    (descr "Mounting Hole 5mm, no annular")
    (tags "mounting hole 5mm no annular")
    (attr virtual)
    (fp_text reference "" (at 0 -6) (layer F.SilkS)
      (effects (font (size 1 1) (thickness 0.15)))
    )
    (fp_text value "" (at 0 6) (layer F.Fab)
      (effects (font (size 1 1) (thickness 0.15)))
    )
    (fp_circle (center 0 0) (end 5.25 0) (layer F.CrtYd) (width 0.05))
    (fp_circle (center 0 0) (end 5 0) (layer Cmts.User) (width 0.15))
    (fp_text user %R (at 0.3 0) (layer F.Fab)
      (effects (font (size 1 1) (thickness 0.15)))
    )
    (pad 1 np_thru_hole circle (at 0 0) (size 5 5) (drill 5) (layers *.Cu *.Mask))
  )

  (module digikey-footprints:Switch_Tactile_THT_B3F-1xxx (layer F.Cu) (tedit 5AF34B0A) (tstamp 5C9D149E)
    (at 143.9988 55.9894)
    (descr http://www.omron.com/ecb/products/pdf/en-b3f.pdf)
    (path /5C90A140)
    (fp_text reference S7 (at 3.2512 -2.2094) (layer F.SilkS)
      (effects (font (size 1 1) (thickness 0.15)))
    )
    (fp_text value JUMP (at 3.2512 7.1006) (layer F.Fab)
      (effects (font (size 1 1) (thickness 0.15)))
    )
    (fp_line (start 7.7512 -1.2394) (end 7.7512 5.7606) (layer F.CrtYd) (width 0.05))
    (fp_line (start -1.2488 5.7606) (end -1.2488 -1.2394) (layer F.CrtYd) (width 0.05))
    (fp_line (start -1.2488 5.7606) (end 7.7512 5.7606) (layer F.CrtYd) (width 0.05))
    (fp_line (start -1.2488 -1.2394) (end 7.7512 -1.2394) (layer F.CrtYd) (width 0.05))
    (fp_line (start 2.3512 -0.8394) (end 4.1512 -0.8394) (layer F.SilkS) (width 0.1))
    (fp_line (start 0.1512 2.2606) (end 0.1512 3.1606) (layer F.SilkS) (width 0.1))
    (fp_line (start 0.1512 2.2606) (end 0.1512 1.3606) (layer F.SilkS) (width 0.1))
    (fp_line (start 6.3512 2.2606) (end 6.3512 3.1606) (layer F.SilkS) (width 0.1))
    (fp_line (start 6.3512 2.2606) (end 6.3512 1.3606) (layer F.SilkS) (width 0.1))
    (fp_line (start 2.3512 5.3606) (end 4.0512 5.3606) (layer F.SilkS) (width 0.1))
    (fp_text user %R (at 3.2512 2.2606) (layer F.Fab)
      (effects (font (size 1 1) (thickness 0.15)))
    )
    (fp_line (start 6.2512 5.2606) (end 6.2512 -0.7394) (layer F.Fab) (width 0.1))
    (fp_line (start 0.2512 -0.7394) (end 0.2512 5.2606) (layer F.Fab) (width 0.1))
    (fp_line (start 0.2512 5.2606) (end 6.2512 5.2606) (layer F.Fab) (width 0.1))
    (fp_line (start 0.2512 -0.7394) (end 6.2512 -0.7394) (layer F.Fab) (width 0.1))
    (pad 1 thru_hole rect (at 0.0012 0.0106) (size 2 2) (drill 1) (layers *.Cu *.Mask)
      (net 1 /GND))
    (pad 2 thru_hole circle (at 6.5012 0.0106) (size 2 2) (drill 1) (layers *.Cu *.Mask)
      (net 1 /GND))
    (pad 3 thru_hole circle (at 0.0012 4.5106) (size 2 2) (drill 1) (layers *.Cu *.Mask)
      (net 6 /UP))
    (pad 4 thru_hole circle (at 6.5012 4.5106) (size 2 2) (drill 1) (layers *.Cu *.Mask)
      (net 6 /UP))
    (model "${KIPRJMOD}/Omron B3F-1000.step"
      (offset (xyz 3.25 -2.25 0))
      (scale (xyz 1 1 1))
      (rotate (xyz 0 0 0))
    )
  )

  (module digikey-footprints:Switch_Tactile_THT_B3F-1xxx (layer F.Cu) (tedit 5AF34B0A) (tstamp 5C9D1487)
    (at 64 50.5)
    (descr http://www.omron.com/ecb/products/pdf/en-b3f.pdf)
    (path /5C909C22)
    (fp_text reference S5 (at 3.2512 -2.2094) (layer F.SilkS)
      (effects (font (size 1 1) (thickness 0.15)))
    )
    (fp_text value UP (at 3.2512 7.1006) (layer F.Fab)
      (effects (font (size 1 1) (thickness 0.15)))
    )
    (fp_line (start 0.2512 -0.7394) (end 6.2512 -0.7394) (layer F.Fab) (width 0.1))
    (fp_line (start 0.2512 5.2606) (end 6.2512 5.2606) (layer F.Fab) (width 0.1))
    (fp_line (start 0.2512 -0.7394) (end 0.2512 5.2606) (layer F.Fab) (width 0.1))
    (fp_line (start 6.2512 5.2606) (end 6.2512 -0.7394) (layer F.Fab) (width 0.1))
    (fp_text user %R (at 3.2512 2.2606) (layer F.Fab)
      (effects (font (size 1 1) (thickness 0.15)))
    )
    (fp_line (start 2.3512 5.3606) (end 4.0512 5.3606) (layer F.SilkS) (width 0.1))
    (fp_line (start 6.3512 2.2606) (end 6.3512 1.3606) (layer F.SilkS) (width 0.1))
    (fp_line (start 6.3512 2.2606) (end 6.3512 3.1606) (layer F.SilkS) (width 0.1))
    (fp_line (start 0.1512 2.2606) (end 0.1512 1.3606) (layer F.SilkS) (width 0.1))
    (fp_line (start 0.1512 2.2606) (end 0.1512 3.1606) (layer F.SilkS) (width 0.1))
    (fp_line (start 2.3512 -0.8394) (end 4.1512 -0.8394) (layer F.SilkS) (width 0.1))
    (fp_line (start -1.2488 -1.2394) (end 7.7512 -1.2394) (layer F.CrtYd) (width 0.05))
    (fp_line (start -1.2488 5.7606) (end 7.7512 5.7606) (layer F.CrtYd) (width 0.05))
    (fp_line (start -1.2488 5.7606) (end -1.2488 -1.2394) (layer F.CrtYd) (width 0.05))
    (fp_line (start 7.7512 -1.2394) (end 7.7512 5.7606) (layer F.CrtYd) (width 0.05))
    (pad 4 thru_hole circle (at 6.5012 4.5106) (size 2 2) (drill 1) (layers *.Cu *.Mask)
      (net 6 /UP))
    (pad 3 thru_hole circle (at 0.0012 4.5106) (size 2 2) (drill 1) (layers *.Cu *.Mask)
      (net 6 /UP))
    (pad 2 thru_hole circle (at 6.5012 0.0106) (size 2 2) (drill 1) (layers *.Cu *.Mask)
      (net 1 /GND))
    (pad 1 thru_hole rect (at 0.0012 0.0106) (size 2 2) (drill 1) (layers *.Cu *.Mask)
      (net 1 /GND))
    (model "${KIPRJMOD}/Omron B3F-1000.step"
      (offset (xyz 3.25 -2.25 0))
      (scale (xyz 1 1 1))
      (rotate (xyz 0 0 0))
    )
  )

  (module digikey-footprints:Switch_Tactile_THT_B3F-1xxx (layer F.Cu) (tedit 5AF34B0A) (tstamp 5C9D1470)
    (at 73.6 59)
    (descr http://www.omron.com/ecb/products/pdf/en-b3f.pdf)
    (path /5C909FB5)
    (fp_text reference S4 (at 3.2512 -2.2094) (layer F.SilkS)
      (effects (font (size 1 1) (thickness 0.15)))
    )
    (fp_text value RIGHT (at 3.2512 7.1006) (layer F.Fab)
      (effects (font (size 1 1) (thickness 0.15)))
    )
    (fp_line (start 0.2512 -0.7394) (end 6.2512 -0.7394) (layer F.Fab) (width 0.1))
    (fp_line (start 0.2512 5.2606) (end 6.2512 5.2606) (layer F.Fab) (width 0.1))
    (fp_line (start 0.2512 -0.7394) (end 0.2512 5.2606) (layer F.Fab) (width 0.1))
    (fp_line (start 6.2512 5.2606) (end 6.2512 -0.7394) (layer F.Fab) (width 0.1))
    (fp_text user %R (at 3.2512 2.2606) (layer F.Fab)
      (effects (font (size 1 1) (thickness 0.15)))
    )
    (fp_line (start 2.3512 5.3606) (end 4.0512 5.3606) (layer F.SilkS) (width 0.1))
    (fp_line (start 6.3512 2.2606) (end 6.3512 1.3606) (layer F.SilkS) (width 0.1))
    (fp_line (start 6.3512 2.2606) (end 6.3512 3.1606) (layer F.SilkS) (width 0.1))
    (fp_line (start 0.1512 2.2606) (end 0.1512 1.3606) (layer F.SilkS) (width 0.1))
    (fp_line (start 0.1512 2.2606) (end 0.1512 3.1606) (layer F.SilkS) (width 0.1))
    (fp_line (start 2.3512 -0.8394) (end 4.1512 -0.8394) (layer F.SilkS) (width 0.1))
    (fp_line (start -1.2488 -1.2394) (end 7.7512 -1.2394) (layer F.CrtYd) (width 0.05))
    (fp_line (start -1.2488 5.7606) (end 7.7512 5.7606) (layer F.CrtYd) (width 0.05))
    (fp_line (start -1.2488 5.7606) (end -1.2488 -1.2394) (layer F.CrtYd) (width 0.05))
    (fp_line (start 7.7512 -1.2394) (end 7.7512 5.7606) (layer F.CrtYd) (width 0.05))
    (pad 4 thru_hole circle (at 6.5012 4.5106) (size 2 2) (drill 1) (layers *.Cu *.Mask)
      (net 5 /RIGHT))
    (pad 3 thru_hole circle (at 0.0012 4.5106) (size 2 2) (drill 1) (layers *.Cu *.Mask)
      (net 5 /RIGHT))
    (pad 2 thru_hole circle (at 6.5012 0.0106) (size 2 2) (drill 1) (layers *.Cu *.Mask)
      (net 1 /GND))
    (pad 1 thru_hole rect (at 0.0012 0.0106) (size 2 2) (drill 1) (layers *.Cu *.Mask)
      (net 1 /GND))
    (model "${KIPRJMOD}/Omron B3F-1000.step"
      (offset (xyz 3.25 -2.25 0))
      (scale (xyz 1 1 1))
      (rotate (xyz 0 0 0))
    )
  )

  (module digikey-footprints:Switch_Tactile_THT_B3F-1xxx (layer F.Cu) (tedit 5AF34B0A) (tstamp 5C9D1459)
    (at 54.6 58.9894)
    (descr http://www.omron.com/ecb/products/pdf/en-b3f.pdf)
    (path /5C909EFC)
    (fp_text reference S3 (at 3.2512 -2.2094) (layer F.SilkS)
      (effects (font (size 1 1) (thickness 0.15)))
    )
    (fp_text value LEFT (at 3.2512 7.1006) (layer F.Fab)
      (effects (font (size 1 1) (thickness 0.15)))
    )
    (fp_line (start 7.7512 -1.2394) (end 7.7512 5.7606) (layer F.CrtYd) (width 0.05))
    (fp_line (start -1.2488 5.7606) (end -1.2488 -1.2394) (layer F.CrtYd) (width 0.05))
    (fp_line (start -1.2488 5.7606) (end 7.7512 5.7606) (layer F.CrtYd) (width 0.05))
    (fp_line (start -1.2488 -1.2394) (end 7.7512 -1.2394) (layer F.CrtYd) (width 0.05))
    (fp_line (start 2.3512 -0.8394) (end 4.1512 -0.8394) (layer F.SilkS) (width 0.1))
    (fp_line (start 0.1512 2.2606) (end 0.1512 3.1606) (layer F.SilkS) (width 0.1))
    (fp_line (start 0.1512 2.2606) (end 0.1512 1.3606) (layer F.SilkS) (width 0.1))
    (fp_line (start 6.3512 2.2606) (end 6.3512 3.1606) (layer F.SilkS) (width 0.1))
    (fp_line (start 6.3512 2.2606) (end 6.3512 1.3606) (layer F.SilkS) (width 0.1))
    (fp_line (start 2.3512 5.3606) (end 4.0512 5.3606) (layer F.SilkS) (width 0.1))
    (fp_text user %R (at 3.2512 2.2606) (layer F.Fab)
      (effects (font (size 1 1) (thickness 0.15)))
    )
    (fp_line (start 6.2512 5.2606) (end 6.2512 -0.7394) (layer F.Fab) (width 0.1))
    (fp_line (start 0.2512 -0.7394) (end 0.2512 5.2606) (layer F.Fab) (width 0.1))
    (fp_line (start 0.2512 5.2606) (end 6.2512 5.2606) (layer F.Fab) (width 0.1))
    (fp_line (start 0.2512 -0.7394) (end 6.2512 -0.7394) (layer F.Fab) (width 0.1))
    (pad 1 thru_hole rect (at 0.0012 0.0106) (size 2 2) (drill 1) (layers *.Cu *.Mask)
      (net 1 /GND))
    (pad 2 thru_hole circle (at 6.5012 0.0106) (size 2 2) (drill 1) (layers *.Cu *.Mask)
      (net 1 /GND))
    (pad 3 thru_hole circle (at 0.0012 4.5106) (size 2 2) (drill 1) (layers *.Cu *.Mask)
      (net 4 /LEFT))
    (pad 4 thru_hole circle (at 6.5012 4.5106) (size 2 2) (drill 1) (layers *.Cu *.Mask)
      (net 4 /LEFT))
    (model "${KIPRJMOD}/Omron B3F-1000.step"
      (offset (xyz 3.25 -2.25 0))
      (scale (xyz 1 1 1))
      (rotate (xyz 0 0 0))
    )
  )

  (module digikey-footprints:Switch_Tactile_THT_B3F-1xxx (layer F.Cu) (tedit 5AF34B0A) (tstamp 5C9D1442)
    (at 63.9988 67.5)
    (descr http://www.omron.com/ecb/products/pdf/en-b3f.pdf)
    (path /5C909EAC)
    (fp_text reference S2 (at 3.2512 -2.2094) (layer F.SilkS)
      (effects (font (size 1 1) (thickness 0.15)))
    )
    (fp_text value DOWN (at 3.2512 7.1006) (layer F.Fab)
      (effects (font (size 1 1) (thickness 0.15)))
    )
    (fp_line (start 0.2512 -0.7394) (end 6.2512 -0.7394) (layer F.Fab) (width 0.1))
    (fp_line (start 0.2512 5.2606) (end 6.2512 5.2606) (layer F.Fab) (width 0.1))
    (fp_line (start 0.2512 -0.7394) (end 0.2512 5.2606) (layer F.Fab) (width 0.1))
    (fp_line (start 6.2512 5.2606) (end 6.2512 -0.7394) (layer F.Fab) (width 0.1))
    (fp_text user %R (at 3.2512 2.2606) (layer F.Fab)
      (effects (font (size 1 1) (thickness 0.15)))
    )
    (fp_line (start 2.3512 5.3606) (end 4.0512 5.3606) (layer F.SilkS) (width 0.1))
    (fp_line (start 6.3512 2.2606) (end 6.3512 1.3606) (layer F.SilkS) (width 0.1))
    (fp_line (start 6.3512 2.2606) (end 6.3512 3.1606) (layer F.SilkS) (width 0.1))
    (fp_line (start 0.1512 2.2606) (end 0.1512 1.3606) (layer F.SilkS) (width 0.1))
    (fp_line (start 0.1512 2.2606) (end 0.1512 3.1606) (layer F.SilkS) (width 0.1))
    (fp_line (start 2.3512 -0.8394) (end 4.1512 -0.8394) (layer F.SilkS) (width 0.1))
    (fp_line (start -1.2488 -1.2394) (end 7.7512 -1.2394) (layer F.CrtYd) (width 0.05))
    (fp_line (start -1.2488 5.7606) (end 7.7512 5.7606) (layer F.CrtYd) (width 0.05))
    (fp_line (start -1.2488 5.7606) (end -1.2488 -1.2394) (layer F.CrtYd) (width 0.05))
    (fp_line (start 7.7512 -1.2394) (end 7.7512 5.7606) (layer F.CrtYd) (width 0.05))
    (pad 4 thru_hole circle (at 6.5012 4.5106) (size 2 2) (drill 1) (layers *.Cu *.Mask)
      (net 3 /DOWN))
    (pad 3 thru_hole circle (at 0.0012 4.5106) (size 2 2) (drill 1) (layers *.Cu *.Mask)
      (net 3 /DOWN))
    (pad 2 thru_hole circle (at 6.5012 0.0106) (size 2 2) (drill 1) (layers *.Cu *.Mask)
      (net 1 /GND))
    (pad 1 thru_hole rect (at 0.0012 0.0106) (size 2 2) (drill 1) (layers *.Cu *.Mask)
      (net 1 /GND))
    (model "${KIPRJMOD}/Omron B3F-1000.step"
      (offset (xyz 3.25 -2.25 0))
      (scale (xyz 1 1 1))
      (rotate (xyz 0 0 0))
    )
  )

  (module digikey-footprints:Switch_Tactile_THT_B3F-1xxx (layer F.Cu) (tedit 5AF34B0A) (tstamp 5CB1D4A8)
    (at 127.9988 70.2394)
    (descr http://www.omron.com/ecb/products/pdf/en-b3f.pdf)
    (path /5C90A063)
    (fp_text reference S1 (at 3.2512 -2.2094) (layer F.SilkS)
      (effects (font (size 1 1) (thickness 0.15)))
    )
    (fp_text value FIRE (at 3.2512 7.1006) (layer F.Fab)
      (effects (font (size 1 1) (thickness 0.15)))
    )
    (fp_line (start 7.7512 -1.2394) (end 7.7512 5.7606) (layer F.CrtYd) (width 0.05))
    (fp_line (start -1.2488 5.7606) (end -1.2488 -1.2394) (layer F.CrtYd) (width 0.05))
    (fp_line (start -1.2488 5.7606) (end 7.7512 5.7606) (layer F.CrtYd) (width 0.05))
    (fp_line (start -1.2488 -1.2394) (end 7.7512 -1.2394) (layer F.CrtYd) (width 0.05))
    (fp_line (start 2.3512 -0.8394) (end 4.1512 -0.8394) (layer F.SilkS) (width 0.1))
    (fp_line (start 0.1512 2.2606) (end 0.1512 3.1606) (layer F.SilkS) (width 0.1))
    (fp_line (start 0.1512 2.2606) (end 0.1512 1.3606) (layer F.SilkS) (width 0.1))
    (fp_line (start 6.3512 2.2606) (end 6.3512 3.1606) (layer F.SilkS) (width 0.1))
    (fp_line (start 6.3512 2.2606) (end 6.3512 1.3606) (layer F.SilkS) (width 0.1))
    (fp_line (start 2.3512 5.3606) (end 4.0512 5.3606) (layer F.SilkS) (width 0.1))
    (fp_text user %R (at 3.2512 2.2606) (layer F.Fab)
      (effects (font (size 1 1) (thickness 0.15)))
    )
    (fp_line (start 6.2512 5.2606) (end 6.2512 -0.7394) (layer F.Fab) (width 0.1))
    (fp_line (start 0.2512 -0.7394) (end 0.2512 5.2606) (layer F.Fab) (width 0.1))
    (fp_line (start 0.2512 5.2606) (end 6.2512 5.2606) (layer F.Fab) (width 0.1))
    (fp_line (start 0.2512 -0.7394) (end 6.2512 -0.7394) (layer F.Fab) (width 0.1))
    (pad 1 thru_hole rect (at 0.0012 0.0106) (size 2 2) (drill 1) (layers *.Cu *.Mask)
      (net 1 /GND))
    (pad 2 thru_hole circle (at 6.5012 0.0106) (size 2 2) (drill 1) (layers *.Cu *.Mask)
      (net 1 /GND))
    (pad 3 thru_hole circle (at 0.0012 4.5106) (size 2 2) (drill 1) (layers *.Cu *.Mask)
      (net 2 /FIRE))
    (pad 4 thru_hole circle (at 6.5012 4.5106) (size 2 2) (drill 1) (layers *.Cu *.Mask)
      (net 2 /FIRE))
    (model "${KIPRJMOD}/Omron B3F-1000.step"
      (offset (xyz 3.25 -2.25 0))
      (scale (xyz 1 1 1))
      (rotate (xyz 0 0 0))
    )
  )

  (gr_text "RetroPad v1.1 by June Tate-Gans" (at 105.5 45) (layer F.SilkS)
    (effects (font (size 1.5 1.5) (thickness 0.3)))
  )
  (gr_line (start 43 75) (end 50 82) (layer Margin) (width 0.2))
  (gr_line (start 50 43) (end 43 50) (layer Margin) (width 0.2))
  (gr_line (start 155 43) (end 162 50) (layer Margin) (width 0.2))
  (gr_line (start 155 82) (end 162 75) (layer Margin) (width 0.2))
  (gr_line (start 40 47.5) (end 47.5 40) (layer Edge.Cuts) (width 0.15))
  (gr_line (start 47.5 85) (end 40 77.5) (layer Edge.Cuts) (width 0.15))
  (gr_line (start 165 77.5) (end 157.5 85) (layer Edge.Cuts) (width 0.15))
  (gr_line (start 157.5 40) (end 165 47.5) (layer Edge.Cuts) (width 0.15))
  (gr_line (start 43 75) (end 43 50) (layer Margin) (width 0.2))
  (gr_line (start 155 82) (end 50 82) (layer Margin) (width 0.2))
  (gr_line (start 162 50) (end 162 75) (layer Margin) (width 0.2))
  (gr_line (start 50 43) (end 155 43) (layer Margin) (width 0.2))
  (gr_line (start 40 77.5) (end 40 47.5) (layer Edge.Cuts) (width 0.15))
  (gr_line (start 157.5 85) (end 47.5 85) (layer Edge.Cuts) (width 0.15))
  (gr_line (start 165 47.5) (end 165 77.5) (layer Edge.Cuts) (width 0.15))
  (gr_line (start 47.5 40) (end 157.5 40) (layer Edge.Cuts) (width 0.15))

  (segment (start 113 74.75) (end 110.91 76.84) (width 0.25) (layer F.Cu) (net 2))
  (segment (start 134.5 74.75) (end 113 74.75) (width 0.25) (layer F.Cu) (net 2))
  (segment (start 110.91 76.84) (end 109.615 76.84) (width 0.25) (layer F.Cu) (net 2))
  (segment (start 64 71.835001) (end 70.5 71.835001) (width 0.25) (layer F.Cu) (net 3))
  (segment (start 74.164999 75.5) (end 71.499999 72.835) (width 0.25) (layer F.Cu) (net 3))
  (segment (start 71.499999 72.835) (end 70.5 71.835001) (width 0.25) (layer F.Cu) (net 3))
  (segment (start 108.23 74) (end 106.73 75.5) (width 0.25) (layer F.Cu) (net 3))
  (segment (start 106.73 75.5) (end 74.164999 75.5) (width 0.25) (layer F.Cu) (net 3))
  (segment (start 54 63.5) (end 60.5 63.5) (width 0.25) (layer F.Cu) (net 4))
  (segment (start 104.660001 73.200001) (end 105.46 74) (width 0.25) (layer F.Cu) (net 4))
  (segment (start 91.700011 72.200011) (end 103.660011 72.200011) (width 0.25) (layer F.Cu) (net 4))
  (segment (start 103.660011 72.200011) (end 104.660001 73.200001) (width 0.25) (layer F.Cu) (net 4))
  (segment (start 84.25 64.75) (end 91.700011 72.200011) (width 0.25) (layer F.Cu) (net 4))
  (segment (start 61 63.5) (end 62.75 61.75) (width 0.25) (layer F.Cu) (net 4))
  (segment (start 84.25 62.75) (end 84.25 64.75) (width 0.25) (layer F.Cu) (net 4))
  (segment (start 62.75 61.75) (end 83.25 61.75) (width 0.25) (layer F.Cu) (net 4))
  (segment (start 83.25 61.75) (end 84.25 62.75) (width 0.25) (layer F.Cu) (net 4))
  (segment (start 58.5 63.5) (end 61 63.5) (width 0.25) (layer F.Cu) (net 4))
  (segment (start 101.340022 72.650022) (end 102.69 74) (width 0.25) (layer F.Cu) (net 5))
  (segment (start 91.513611 72.650022) (end 101.340022 72.650022) (width 0.25) (layer F.Cu) (net 5))
  (segment (start 73.6118 63.5) (end 82.5 63.5) (width 0.25) (layer F.Cu) (net 5))
  (segment (start 83.499999 64.499999) (end 83.499999 64.63641) (width 0.25) (layer F.Cu) (net 5))
  (segment (start 83.499999 64.63641) (end 91.513611 72.650022) (width 0.25) (layer F.Cu) (net 5))
  (segment (start 82.5 63.5) (end 83.499999 64.499999) (width 0.25) (layer F.Cu) (net 5))
  (segment (start 73.6012 63.5106) (end 73.6118 63.5) (width 0.25) (layer F.Cu) (net 5))
  (segment (start 64.0118 55) (end 70.4906 55) (width 0.25) (layer F.Cu) (net 6))
  (segment (start 70.4906 55) (end 70.5012 55.0106) (width 0.25) (layer F.Cu) (net 6))
  (segment (start 64.0012 55.0106) (end 64.0118 55) (width 0.25) (layer F.Cu) (net 6))
  (segment (start 150.5 60.5) (end 144 60.5) (width 0.25) (layer F.Cu) (net 6))
  (segment (start 111 72.95) (end 111 74) (width 0.25) (layer F.Cu) (net 6))
  (segment (start 109.8 71.75) (end 111 72.95) (width 0.25) (layer F.Cu) (net 6))
  (segment (start 92 71.75) (end 109.8 71.75) (width 0.25) (layer F.Cu) (net 6))
  (segment (start 84.75 64.5) (end 92 71.75) (width 0.25) (layer F.Cu) (net 6))
  (segment (start 82.25 55) (end 84.75 57.5) (width 0.25) (layer F.Cu) (net 6))
  (segment (start 84.75 57.5) (end 84.75 64.5) (width 0.25) (layer F.Cu) (net 6))
  (segment (start 70.5118 55) (end 82.25 55) (width 0.25) (layer F.Cu) (net 6))
  (segment (start 70.5012 55.0106) (end 70.5118 55) (width 0.25) (layer F.Cu) (net 6))
  (segment (start 119.25 74) (end 132.75 60.5) (width 0.25) (layer F.Cu) (net 6))
  (segment (start 132.75 60.5) (end 144 60.5) (width 0.25) (layer F.Cu) (net 6))
  (segment (start 111 74) (end 119.25 74) (width 0.25) (layer F.Cu) (net 6))

  (zone (net 1) (net_name /GND) (layer F.Cu) (tstamp 0) (hatch edge 0.508)
    (connect_pads (clearance 0.508))
    (min_thickness 0.254)
    (fill yes (arc_segments 16) (thermal_gap 0.508) (thermal_bridge_width 0.508))
    (polygon
      (pts
        (xy 43 50) (xy 50 43) (xy 155 43) (xy 162 50) (xy 162 75)
        (xy 155.25 82) (xy 50 82) (xy 43 75.25)
      )
    )
    (filled_polygon
      (pts
        (xy 161.873 50.052606) (xy 161.873 74.948743) (xy 155.196038 81.873) (xy 50.051257 81.873) (xy 43.127 75.196038)
        (xy 43.127 74.276954) (xy 46.365 74.276954) (xy 46.365 75.723046) (xy 46.918396 77.059062) (xy 47.940938 78.081604)
        (xy 49.276954 78.635) (xy 50.723046 78.635) (xy 52.059062 78.081604) (xy 53.081604 77.059062) (xy 53.635 75.723046)
        (xy 53.635 74.276954) (xy 53.081604 72.940938) (xy 52.059062 71.918396) (xy 50.723046 71.365) (xy 49.276954 71.365)
        (xy 47.940938 71.918396) (xy 46.918396 72.940938) (xy 46.365 74.276954) (xy 43.127 74.276954) (xy 43.127 67.79635)
        (xy 62.365 67.79635) (xy 62.365 68.63691) (xy 62.461673 68.870299) (xy 62.640302 69.048927) (xy 62.873691 69.1456)
        (xy 63.71425 69.1456) (xy 63.873 68.98685) (xy 63.873 67.6376) (xy 64.127 67.6376) (xy 64.127 68.98685)
        (xy 64.28575 69.1456) (xy 65.126309 69.1456) (xy 65.359698 69.048927) (xy 65.538327 68.870299) (xy 65.624138 68.663132)
        (xy 69.527073 68.663132) (xy 69.625736 68.929987) (xy 70.235461 69.156508) (xy 70.88546 69.132456) (xy 71.374264 68.929987)
        (xy 71.472927 68.663132) (xy 70.5 67.690205) (xy 69.527073 68.663132) (xy 65.624138 68.663132) (xy 65.635 68.63691)
        (xy 65.635 67.79635) (xy 65.47625 67.6376) (xy 64.127 67.6376) (xy 63.873 67.6376) (xy 62.52375 67.6376)
        (xy 62.365 67.79635) (xy 43.127 67.79635) (xy 43.127 66.38429) (xy 62.365 66.38429) (xy 62.365 67.22485)
        (xy 62.52375 67.3836) (xy 63.873 67.3836) (xy 63.873 66.03435) (xy 64.127 66.03435) (xy 64.127 67.3836)
        (xy 65.47625 67.3836) (xy 65.613789 67.246061) (xy 68.854092 67.246061) (xy 68.878144 67.89606) (xy 69.080613 68.384864)
        (xy 69.347468 68.483527) (xy 70.320395 67.5106) (xy 70.679605 67.5106) (xy 71.652532 68.483527) (xy 71.919387 68.384864)
        (xy 72.145908 67.775139) (xy 72.121856 67.12514) (xy 71.919387 66.636336) (xy 71.652532 66.537673) (xy 70.679605 67.5106)
        (xy 70.320395 67.5106) (xy 69.347468 66.537673) (xy 69.080613 66.636336) (xy 68.854092 67.246061) (xy 65.613789 67.246061)
        (xy 65.635 67.22485) (xy 65.635 66.38429) (xy 65.624139 66.358068) (xy 69.527073 66.358068) (xy 70.5 67.330995)
        (xy 71.472927 66.358068) (xy 71.374264 66.091213) (xy 70.764539 65.864692) (xy 70.11454 65.888744) (xy 69.625736 66.091213)
        (xy 69.527073 66.358068) (xy 65.624139 66.358068) (xy 65.538327 66.150901) (xy 65.359698 65.972273) (xy 65.126309 65.8756)
        (xy 64.28575 65.8756) (xy 64.127 66.03435) (xy 63.873 66.03435) (xy 63.71425 65.8756) (xy 62.873691 65.8756)
        (xy 62.640302 65.972273) (xy 62.461673 66.150901) (xy 62.365 66.38429) (xy 43.127 66.38429) (xy 43.127 63.174778)
        (xy 52.9662 63.174778) (xy 52.9662 63.825222) (xy 53.215114 64.426153) (xy 53.675047 64.886086) (xy 54.275978 65.135)
        (xy 54.926422 65.135) (xy 55.527353 64.886086) (xy 55.987286 64.426153) (xy 56.056109 64.26) (xy 59.646291 64.26)
        (xy 59.715114 64.426153) (xy 60.175047 64.886086) (xy 60.775978 65.135) (xy 61.426422 65.135) (xy 62.027353 64.886086)
        (xy 62.487286 64.426153) (xy 62.7362 63.825222) (xy 62.7362 63.174778) (xy 62.637736 62.937065) (xy 63.064802 62.51)
        (xy 72.289561 62.51) (xy 72.215114 62.584447) (xy 71.9662 63.185378) (xy 71.9662 63.835822) (xy 72.215114 64.436753)
        (xy 72.675047 64.896686) (xy 73.275978 65.1456) (xy 73.926422 65.1456) (xy 74.527353 64.896686) (xy 74.987286 64.436753)
        (xy 75.0605 64.26) (xy 78.6419 64.26) (xy 78.715114 64.436753) (xy 79.175047 64.896686) (xy 79.775978 65.1456)
        (xy 80.426422 65.1456) (xy 81.027353 64.896686) (xy 81.487286 64.436753) (xy 81.5605 64.26) (xy 82.185199 64.26)
        (xy 82.765708 64.84051) (xy 82.784095 64.932947) (xy 82.95207 65.184339) (xy 83.015528 65.22674) (xy 90.923281 73.134494)
        (xy 90.965682 73.197951) (xy 91.029138 73.240351) (xy 91.217073 73.365926) (xy 91.265216 73.375502) (xy 91.438759 73.410022)
        (xy 91.438763 73.410022) (xy 91.513611 73.42491) (xy 91.588459 73.410022) (xy 98.611144 73.410022) (xy 98.485 73.714561)
        (xy 98.485 74.285439) (xy 98.673286 74.74) (xy 74.479801 74.74) (xy 72.117609 72.377809) (xy 72.135 72.335822)
        (xy 72.135 71.685378) (xy 71.886086 71.084447) (xy 71.426153 70.624514) (xy 70.825222 70.3756) (xy 70.174778 70.3756)
        (xy 69.573847 70.624514) (xy 69.12336 71.075001) (xy 65.37664 71.075001) (xy 64.926153 70.624514) (xy 64.325222 70.3756)
        (xy 63.674778 70.3756) (xy 63.073847 70.624514) (xy 62.613914 71.084447) (xy 62.365 71.685378) (xy 62.365 72.335822)
        (xy 62.613914 72.936753) (xy 63.073847 73.396686) (xy 63.674778 73.6456) (xy 64.325222 73.6456) (xy 64.926153 73.396686)
        (xy 65.386086 72.936753) (xy 65.527644 72.595001) (xy 68.972356 72.595001) (xy 69.113914 72.936753) (xy 69.573847 73.396686)
        (xy 70.174778 73.6456) (xy 70.825222 73.6456) (xy 71.115543 73.525345) (xy 73.57467 75.984473) (xy 73.61707 76.047929)
        (xy 73.868462 76.215904) (xy 74.090147 76.26) (xy 74.090151 76.26) (xy 74.164998 76.274888) (xy 74.239845 76.26)
        (xy 99.992011 76.26) (xy 99.87 76.554561) (xy 99.87 77.125439) (xy 100.088466 77.652862) (xy 100.492138 78.056534)
        (xy 101.019561 78.275) (xy 101.590439 78.275) (xy 102.117862 78.056534) (xy 102.326651 77.847745) (xy 103.246861 77.847745)
        (xy 103.320995 78.093864) (xy 103.858223 78.286965) (xy 104.428454 78.259778) (xy 104.829005 78.093864) (xy 104.903139 77.847745)
        (xy 104.075 77.019605) (xy 103.246861 77.847745) (xy 102.326651 77.847745) (xy 102.521534 77.652862) (xy 102.683525 77.261782)
        (xy 102.821136 77.594005) (xy 103.067255 77.668139) (xy 103.895395 76.84) (xy 103.881252 76.825858) (xy 104.060858 76.646253)
        (xy 104.075 76.660395) (xy 104.089143 76.646253) (xy 104.268748 76.825858) (xy 104.254605 76.84) (xy 105.082745 77.668139)
        (xy 105.328864 77.594005) (xy 105.456732 77.238261) (xy 105.628466 77.652862) (xy 106.032138 78.056534) (xy 106.559561 78.275)
        (xy 107.130439 78.275) (xy 107.657862 78.056534) (xy 108.061534 77.652862) (xy 108.23 77.24615) (xy 108.398466 77.652862)
        (xy 108.802138 78.056534) (xy 109.329561 78.275) (xy 109.900439 78.275) (xy 110.427862 78.056534) (xy 110.831534 77.652862)
        (xy 110.852039 77.603359) (xy 110.91 77.614888) (xy 110.984847 77.6) (xy 110.984852 77.6) (xy 111.206537 77.555904)
        (xy 111.457929 77.387929) (xy 111.500331 77.32447) (xy 113.314803 75.51) (xy 126.545091 75.51) (xy 126.613914 75.676153)
        (xy 127.073847 76.136086) (xy 127.674778 76.385) (xy 128.325222 76.385) (xy 128.926153 76.136086) (xy 129.386086 75.676153)
        (xy 129.454909 75.51) (xy 133.045091 75.51) (xy 133.113914 75.676153) (xy 133.573847 76.136086) (xy 134.174778 76.385)
        (xy 134.825222 76.385) (xy 135.426153 76.136086) (xy 135.886086 75.676153) (xy 136.135 75.075222) (xy 136.135 74.424778)
        (xy 136.07377 74.276954) (xy 151.365 74.276954) (xy 151.365 75.723046) (xy 151.918396 77.059062) (xy 152.940938 78.081604)
        (xy 154.276954 78.635) (xy 155.723046 78.635) (xy 157.059062 78.081604) (xy 158.081604 77.059062) (xy 158.635 75.723046)
        (xy 158.635 74.276954) (xy 158.081604 72.940938) (xy 157.059062 71.918396) (xy 155.723046 71.365) (xy 154.276954 71.365)
        (xy 152.940938 71.918396) (xy 151.918396 72.940938) (xy 151.365 74.276954) (xy 136.07377 74.276954) (xy 135.886086 73.823847)
        (xy 135.426153 73.363914) (xy 134.825222 73.115) (xy 134.174778 73.115) (xy 133.573847 73.363914) (xy 133.113914 73.823847)
        (xy 133.045091 73.99) (xy 129.454909 73.99) (xy 129.386086 73.823847) (xy 128.926153 73.363914) (xy 128.325222 73.115)
        (xy 127.674778 73.115) (xy 127.073847 73.363914) (xy 126.613914 73.823847) (xy 126.545091 73.99) (xy 114.19839 73.99)
        (xy 117.65264 70.53575) (xy 126.365 70.53575) (xy 126.365 71.37631) (xy 126.461673 71.609699) (xy 126.640302 71.788327)
        (xy 126.873691 71.885) (xy 127.71425 71.885) (xy 127.873 71.72625) (xy 127.873 70.377) (xy 128.127 70.377)
        (xy 128.127 71.72625) (xy 128.28575 71.885) (xy 129.126309 71.885) (xy 129.359698 71.788327) (xy 129.538327 71.609699)
        (xy 129.624138 71.402532) (xy 133.527073 71.402532) (xy 133.625736 71.669387) (xy 134.235461 71.895908) (xy 134.88546 71.871856)
        (xy 135.374264 71.669387) (xy 135.472927 71.402532) (xy 134.5 70.429605) (xy 133.527073 71.402532) (xy 129.624138 71.402532)
        (xy 129.635 71.37631) (xy 129.635 70.53575) (xy 129.47625 70.377) (xy 128.127 70.377) (xy 127.873 70.377)
        (xy 126.52375 70.377) (xy 126.365 70.53575) (xy 117.65264 70.53575) (xy 119.0647 69.12369) (xy 126.365 69.12369)
        (xy 126.365 69.96425) (xy 126.52375 70.123) (xy 127.873 70.123) (xy 127.873 68.77375) (xy 128.127 68.77375)
        (xy 128.127 70.123) (xy 129.47625 70.123) (xy 129.613789 69.985461) (xy 132.854092 69.985461) (xy 132.878144 70.63546)
        (xy 133.080613 71.124264) (xy 133.347468 71.222927) (xy 134.320395 70.25) (xy 134.679605 70.25) (xy 135.652532 71.222927)
        (xy 135.919387 71.124264) (xy 136.145908 70.514539) (xy 136.121856 69.86454) (xy 135.919387 69.375736) (xy 135.652532 69.277073)
        (xy 134.679605 70.25) (xy 134.320395 70.25) (xy 133.347468 69.277073) (xy 133.080613 69.375736) (xy 132.854092 69.985461)
        (xy 129.613789 69.985461) (xy 129.635 69.96425) (xy 129.635 69.12369) (xy 129.624139 69.097468) (xy 133.527073 69.097468)
        (xy 134.5 70.070395) (xy 135.472927 69.097468) (xy 135.374264 68.830613) (xy 134.764539 68.604092) (xy 134.11454 68.628144)
        (xy 133.625736 68.830613) (xy 133.527073 69.097468) (xy 129.624139 69.097468) (xy 129.538327 68.890301) (xy 129.359698 68.711673)
        (xy 129.126309 68.615) (xy 128.28575 68.615) (xy 128.127 68.77375) (xy 127.873 68.77375) (xy 127.71425 68.615)
        (xy 126.873691 68.615) (xy 126.640302 68.711673) (xy 126.461673 68.890301) (xy 126.365 69.12369) (xy 119.0647 69.12369)
        (xy 120.548073 67.640318) (xy 120.611529 67.597918) (xy 120.778478 67.348062) (xy 120.779504 67.346527) (xy 120.816581 67.160126)
        (xy 120.8236 67.124841) (xy 120.8236 67.124837) (xy 120.838488 67.049989) (xy 120.8236 66.975141) (xy 120.8236 60.751201)
        (xy 127.064802 54.51) (xy 127.25256 54.51) (xy 127.25256 55) (xy 127.301843 55.247765) (xy 127.442191 55.457809)
        (xy 127.652235 55.598157) (xy 127.9 55.64744) (xy 129.1 55.64744) (xy 129.347765 55.598157) (xy 129.557809 55.457809)
        (xy 129.698157 55.247765) (xy 129.74744 55) (xy 129.74744 52.927362) (xy 129.75256 52.922242) (xy 129.75256 55)
        (xy 129.801843 55.247765) (xy 129.942191 55.457809) (xy 130.152235 55.598157) (xy 130.4 55.64744) (xy 131.172639 55.64744)
        (xy 135.509671 59.984473) (xy 135.552072 60.04793) (xy 135.803464 60.215905) (xy 136.025149 60.260001) (xy 136.025153 60.260001)
        (xy 136.100001 60.274889) (xy 136.174849 60.260001) (xy 142.365 60.260001) (xy 142.365 60.825222) (xy 142.613914 61.426153)
        (xy 143.073847 61.886086) (xy 143.674778 62.135) (xy 144.325222 62.135) (xy 144.926153 61.886086) (xy 145.386086 61.426153)
        (xy 145.454909 61.26) (xy 149.045091 61.26) (xy 149.113914 61.426153) (xy 149.573847 61.886086) (xy 150.174778 62.135)
        (xy 150.825222 62.135) (xy 151.426153 61.886086) (xy 151.886086 61.426153) (xy 152.135 60.825222) (xy 152.135 60.174778)
        (xy 151.886086 59.573847) (xy 151.426153 59.113914) (xy 150.825222 58.865) (xy 150.174778 58.865) (xy 149.573847 59.113914)
        (xy 149.113914 59.573847) (xy 149.045091 59.74) (xy 145.454909 59.74) (xy 145.386086 59.573847) (xy 144.926153 59.113914)
        (xy 144.325222 58.865) (xy 143.674778 58.865) (xy 143.516029 58.930756) (xy 143.296538 58.784097) (xy 143.074853 58.740001)
        (xy 143.074848 58.740001) (xy 143.000001 58.725113) (xy 142.925154 58.740001) (xy 136.414803 58.740001) (xy 133.960552 56.28575)
