(kicad_pcb (version 20171130) (host pcbnew "(5.1.0-0)")

  (general
    (thickness 1.6)
    (drawings 17)
    (tracks 40)
    (zones 0)
    (modules 13)
    (nets 10)
  )

  (page A4)
  (layers
    (0 F.Cu signal)
    (31 B.Cu signal)
    (32 B.Adhes user)
    (33 F.Adhes user)
    (34 B.Paste user)
    (35 F.Paste user)
    (36 B.SilkS user)
    (37 F.SilkS user)
    (38 B.Mask user)
    (39 F.Mask user)
    (40 Dwgs.User user)
    (41 Cmts.User user)
    (42 Eco1.User user)
    (43 Eco2.User user)
    (44 Edge.Cuts user)
    (45 Margin user)
    (46 B.CrtYd user)
    (47 F.CrtYd user)
    (48 B.Fab user)
    (49 F.Fab user)
  )

  (setup
    (last_trace_width 0.25)
    (trace_clearance 0.2)
    (zone_clearance 0.508)
    (zone_45_only no)
    (trace_min 0.2)
    (via_size 0.8)
    (via_drill 0.4)
    (via_min_size 0.4)
    (via_min_drill 0.3)
    (uvia_size 0.3)
    (uvia_drill 0.1)
    (uvias_allowed no)
    (uvia_min_size 0.2)
    (uvia_min_drill 0.1)
    (edge_width 0.15)
    (segment_width 0.2)
    (pcb_text_width 0.3)
    (pcb_text_size 1.5 1.5)
    (mod_edge_width 0.15)
    (mod_text_size 1 1)
    (mod_text_width 0.15)
    (pad_size 1.524 1.524)
    (pad_drill 0.762)
    (pad_to_mask_clearance 0.051)
    (solder_mask_min_width 0.25)
    (aux_axis_origin 0 0)
    (visible_elements FFFFFF7F)
    (pcbplotparams
      (layerselection 0x010fc_ffffffff)
      (usegerberextensions false)
      (usegerberattributes false)
      (usegerberadvancedattributes false)
      (creategerberjobfile false)
      (excludeedgelayer true)
      (linewidth 0.100000)
      (plotframeref false)
      (viasonmask false)
      (mode 1)
      (useauxorigin false)
      (hpglpennumber 1)
      (hpglpenspeed 20)
      (hpglpendiameter 15.000000)
      (psnegative false)
      (psa4output false)
      (plotreference true)
      (plotvalue true)
      (plotinvisibletext false)
      (padsonsilk false)
      (subtractmaskfromsilk false)
      (outputformat 1)
      (mirror false)
      (drillshape 1)
      (scaleselection 1)
      (outputdirectory ""))
  )

  (net 0 "")
  (net 1 /GND)
  (net 2 /FIRE)
  (net 3 /DOWN)
  (net 4 /LEFT)
  (net 5 /RIGHT)
  (net 6 /UP)
  (net 7 /POTY)
  (net 8 /5V)
  (net 9 /POTX)

  (net_class Default "This is the default net class."
    (clearance 0.2)
    (trace_width 0.25)
    (via_dia 0.8)
    (via_drill 0.4)
    (uvia_dia 0.3)
    (uvia_drill 0.1)
    (add_net /5V)
    (add_net /DOWN)
    (add_net /FIRE)
    (add_net /GND)
    (add_net /LEFT)
    (add_net /POTX)
    (add_net /POTY)
    (add_net /RIGHT)
    (add_net /UP)
  )

  (module Connector_Dsub:DSUB-9-Pads (layer F.Cu) (tedit 5C90902E) (tstamp 5C9D17A0)
    (at 111 74)
    (descr "9-pin D-Sub connector, straight/vertical, THT-mount, female, pitch 2.77x2.84mm, distance of mounting holes 25mm, see https://disti-assets.s3.amazonaws.com/tonar/files/datasheets/16730.pdf")
    (tags "9-pin D-Sub connector straight vertical THT female pitch 2.77x2.84mm mounting holes distance 25mm")
    (path /5C905E81)
    (fp_text reference J1 (at -5.54 -2.54) (layer F.SilkS)
      (effects (font (size 1 1) (thickness 0.15)))
    )
    (fp_text value DB9_Female (at -5.54 8.73) (layer F.Fab)
      (effects (font (size 1 1) (thickness 0.15)))
    )
    (fp_text user %R (at -5.54 1.42) (layer F.Fab)
      (effects (font (size 1 1) (thickness 0.15)))
    )
    (pad 1 thru_hole rect (at 0 0) (size 1.6 1.6) (drill 1) (layers *.Cu *.Mask)
      (net 6 /UP))
    (pad 2 thru_hole circle (at -2.77 0) (size 1.6 1.6) (drill 1) (layers *.Cu *.Mask)
      (net 3 /DOWN))
    (pad 3 thru_hole circle (at -5.54 0) (size 1.6 1.6) (drill 1) (layers *.Cu *.Mask)
      (net 4 /LEFT))
    (pad 4 thru_hole circle (at -8.31 0) (size 1.6 1.6) (drill 1) (layers *.Cu *.Mask)
      (net 5 /RIGHT))
    (pad 5 thru_hole circle (at -11.08 0) (size 1.6 1.6) (drill 1) (layers *.Cu *.Mask)
      (net 7 /POTY))
    (pad 6 thru_hole circle (at -1.385 2.84) (size 1.6 1.6) (drill 1) (layers *.Cu *.Mask)
      (net 2 /FIRE))
    (pad 7 thru_hole circle (at -4.155 2.84) (size 1.6 1.6) (drill 1) (layers *.Cu *.Mask)
      (net 8 /5V))
    (pad 8 thru_hole circle (at -6.925 2.84) (size 1.6 1.6) (drill 1) (layers *.Cu *.Mask)
      (net 1 /GND))
    (pad 9 thru_hole circle (at -9.695 2.84) (size 1.6 1.6) (drill 1) (layers *.Cu *.Mask)
      (net 9 /POTX))
    (model ${KISYS3DMOD}/Connector_Dsub.3dshapes/DSUB-9_Female_Vertical_P2.77x2.84mm.wrl
      (at (xyz 0 0 0))
      (scale (xyz 1 1 1))
      (rotate (xyz 0 0 0))
    )
  )

  (module MountingHole:MountingHole_3mm_Pad (layer F.Cu) (tedit 5C908FC8) (tstamp 5CA8E0D3)
    (at 50 50)
    (descr "Mounting Hole 3mm")
    (tags "mounting hole 3mm")
    (attr virtual)
    (fp_text reference "" (at 0 -4) (layer F.SilkS)
      (effects (font (size 1 1) (thickness 0.15)))
    )
    (fp_text value "" (at 0 4) (layer F.Fab)
      (effects (font (size 1 1) (thickness 0.15)))
    )
    (fp_circle (center 0 0) (end 3.25 0) (layer F.CrtYd) (width 0.05))
    (fp_circle (center 0 0) (end 3 0) (layer Cmts.User) (width 0.15))
    (fp_text user %R (at 0.3 0) (layer F.Fab)
      (effects (font (size 1 1) (thickness 0.15)))
    )
    (pad 1 thru_hole circle (at 0 0) (size 6 6) (drill 3) (layers *.Cu *.Mask))
  )

  (module MountingHole:MountingHole_3mm_Pad (layer F.Cu) (tedit 5C908FCB) (tstamp 5CA8E0E2)
    (at 50 75)
    (descr "Mounting Hole 3mm")
    (tags "mounting hole 3mm")
    (attr virtual)
    (fp_text reference "" (at 0 -4) (layer F.SilkS)
      (effects (font (size 1 1) (thickness 0.15)))
    )
    (fp_text value "" (at 0 4) (layer F.Fab)
      (effects (font (size 1 1) (thickness 0.15)))
    )
    (fp_circle (center 0 0) (end 3.25 0) (layer F.CrtYd) (width 0.05))
    (fp_circle (center 0 0) (end 3 0) (layer Cmts.User) (width 0.15))
    (fp_text user %R (at 0.3 0) (layer F.Fab)
      (effects (font (size 1 1) (thickness 0.15)))
    )
    (pad 1 thru_hole circle (at 0 0) (size 6 6) (drill 3) (layers *.Cu *.Mask))
  )

  (module MountingHole:MountingHole_3mm_Pad (layer F.Cu) (tedit 5C908FC0) (tstamp 5CA8E0F1)
    (at 154.75 50)
    (descr "Mounting Hole 3mm")
    (tags "mounting hole 3mm")
    (attr virtual)
    (fp_text reference "" (at 0 -4) (layer F.SilkS)
      (effects (font (size 1 1) (thickness 0.15)))
    )
    (fp_text value "" (at 0 4) (layer F.Fab)
      (effects (font (size 1 1) (thickness 0.15)))
    )
    (fp_circle (center 0 0) (end 3.25 0) (layer F.CrtYd) (width 0.05))
    (fp_circle (center 0 0) (end 3 0) (layer Cmts.User) (width 0.15))
    (fp_text user %R (at 0.3 0) (layer F.Fab)
      (effects (font (size 1 1) (thickness 0.15)))
    )
    (pad 1 thru_hole circle (at 0 0) (size 6 6) (drill 3) (layers *.Cu *.Mask))
  )

  (module MountingHole:MountingHole_3mm_Pad (layer F.Cu) (tedit 5C908FC3) (tstamp 5CA8E100)
    (at 155 75)
    (descr "Mounting Hole 3mm")
    (tags "mounting hole 3mm")
    (attr virtual)
    (fp_text reference "" (at 0 -4) (layer F.SilkS)
      (effects (font (size 1 1) (thickness 0.15)))
    )
    (fp_text value "" (at 0 4) (layer F.Fab)
      (effects (font (size 1 1) (thickness 0.15)))
    )
    (fp_circle (center 0 0) (end 3.25 0) (layer F.CrtYd) (width 0.05))
    (fp_circle (center 0 0) (end 3 0) (layer Cmts.User) (width 0.15))
    (fp_text user %R (at 0.3 0) (layer F.Fab)
      (effects (font (size 1 1) (thickness 0.15)))
    )
    (pad 1 thru_hole circle (at 0 0) (size 6 6) (drill 3) (layers *.Cu *.Mask))
  )

  (module MountingHole:MountingHole_5mm (layer F.Cu) (tedit 5C908FD3) (tstamp 5CA8E1E3)
    (at 100.5 51.5)
    (descr "Mounting Hole 5mm, no annular")
    (tags "mounting hole 5mm no annular")
    (attr virtual)
    (fp_text reference "" (at 0 -6) (layer F.SilkS)
      (effects (font (size 1 1) (thickness 0.15)))
    )
    (fp_text value "" (at 0 6) (layer F.Fab)
      (effects (font (size 1 1) (thickness 0.15)))
    )
    (fp_circle (center 0 0) (end 5.25 0) (layer F.CrtYd) (width 0.05))
    (fp_circle (center 0 0) (end 5 0) (layer Cmts.User) (width 0.15))
    (fp_text user %R (at 0.3 0) (layer F.Fab)
      (effects (font (size 1 1) (thickness 0.15)))
    )
    (pad 1 np_thru_hole circle (at 0 0) (size 5 5) (drill 5) (layers *.Cu *.Mask))
  )

  (module MountingHole:MountingHole_5mm (layer F.Cu) (tedit 5C908FD6) (tstamp 5CA8E200)
    (at 110 63.25)
    (descr "Mounting Hole 5mm, no annular")
    (tags "mounting hole 5mm no annular")
    (attr virtual)
    (fp_text reference "" (at 0 -6) (layer F.SilkS)
      (effects (font (size 1 1) (thickness 0.15)))
    )
    (fp_text value "" (at 0 6) (layer F.Fab)
      (effects (font (size 1 1) (thickness 0.15)))
    )
    (fp_circle (center 0 0) (end 5.25 0) (layer F.CrtYd) (width 0.05))
    (fp_circle (center 0 0) (end 5 0) (layer Cmts.User) (width 0.15))
    (fp_text user %R (at 0.3 0) (layer F.Fab)
      (effects (font (size 1 1) (thickness 0.15)))
    )
    (pad 1 np_thru_hole circle (at 0 0) (size 5 5) (drill 5) (layers *.Cu *.Mask))
  )

  (module digikey-footprints:Switch_Tactile_THT_B3F-1xxx (layer F.Cu) (tedit 5AF34B0A) (tstamp 5C9D149E)
    (at 143.9988 55.9894)
    (descr http://www.omron.com/ecb/products/pdf/en-b3f.pdf)
    (path /5C90A140)
    (fp_text reference S7 (at 3.2512 -2.2094) (layer F.SilkS)
      (effects (font (size 1 1) (thickness 0.15)))
    )
    (fp_text value JUMP (at 3.2512 7.1006) (layer F.Fab)
      (effects (font (size 1 1) (thickness 0.15)))
    )
    (fp_line (start 7.7512 -1.2394) (end 7.7512 5.7606) (layer F.CrtYd) (width 0.05))
    (fp_line (start -1.2488 5.7606) (end -1.2488 -1.2394) (layer F.CrtYd) (width 0.05))
    (fp_line (start -1.2488 5.7606) (end 7.7512 5.7606) (layer F.CrtYd) (width 0.05))
    (fp_line (start -1.2488 -1.2394) (end 7.7512 -1.2394) (layer F.CrtYd) (width 0.05))
    (fp_line (start 2.3512 -0.8394) (end 4.1512 -0.8394) (layer F.SilkS) (width 0.1))
    (fp_line (start 0.1512 2.2606) (end 0.1512 3.1606) (layer F.SilkS) (width 0.1))
    (fp_line (start 0.1512 2.2606) (end 0.1512 1.3606) (layer F.SilkS) (width 0.1))
    (fp_line (start 6.3512 2.2606) (end 6.3512 3.1606) (layer F.SilkS) (width 0.1))
    (fp_line (start 6.3512 2.2606) (end 6.3512 1.3606) (layer F.SilkS) (width 0.1))
    (fp_line (start 2.3512 5.3606) (end 4.0512 5.3606) (layer F.SilkS) (width 0.1))
    (fp_text user %R (at 3.2512 2.2606) (layer F.Fab)
      (effects (font (size 1 1) (thickness 0.15)))
    )
    (fp_line (start 6.2512 5.2606) (end 6.2512 -0.7394) (layer F.Fab) (width 0.1))
    (fp_line (start 0.2512 -0.7394) (end 0.2512 5.2606) (layer F.Fab) (width 0.1))
    (fp_line (start 0.2512 5.2606) (end 6.2512 5.2606) (layer F.Fab) (width 0.1))
    (fp_line (start 0.2512 -0.7394) (end 6.2512 -0.7394) (layer F.Fab) (width 0.1))
    (pad 1 thru_hole rect (at 0.0012 0.0106) (size 2 2) (drill 1) (layers *.Cu *.Mask)
      (net 1 /GND))
    (pad 2 thru_hole circle (at 6.5012 0.0106) (size 2 2) (drill 1) (layers *.Cu *.Mask)
      (net 1 /GND))
    (pad 3 thru_hole circle (at 0.0012 4.5106) (size 2 2) (drill 1) (layers *.Cu *.Mask)
      (net 6 /UP))
    (pad 4 thru_hole circle (at 6.5012 4.5106) (size 2 2) (drill 1) (layers *.Cu *.Mask)
      (net 6 /UP))
    (model "${KIPRJMOD}/Omron B3F-1000.step"
      (offset (xyz 3.25 -2.25 0))
      (scale (xyz 1 1 1))
      (rotate (xyz 0 0 0))
    )
  )

  (module digikey-footprints:Switch_Tactile_THT_B3F-1xxx (layer F.Cu) (tedit 5AF34B0A) (tstamp 5C9D1487)
    (at 64 50.5)
    (descr http://www.omron.com/ecb/products/pdf/en-b3f.pdf)
    (path /5C909C22)
    (fp_text reference S5 (at 3.2512 -2.2094) (layer F.SilkS)
      (effects (font (size 1 1) (thickness 0.15)))
    )
    (fp_text value UP (at 3.2512 7.1006) (layer F.Fab)
      (effects (font (size 1 1) (thickness 0.15)))
    )
    (fp_line (start 0.2512 -0.7394) (end 6.2512 -0.7394) (layer F.Fab) (width 0.1))
    (fp_line (start 0.2512 5.2606) (end 6.2512 5.2606) (layer F.Fab) (width 0.1))
    (fp_line (start 0.2512 -0.7394) (end 0.2512 5.2606) (layer F.Fab) (width 0.1))
    (fp_line (start 6.2512 5.2606) (end 6.2512 -0.7394) (layer F.Fab) (width 0.1))
    (fp_text user %R (at 3.2512 2.2606) (layer F.Fab)
      (effects (font (size 1 1) (thickness 0.15)))
    )
    (fp_line (start 2.3512 5.3606) (end 4.0512 5.3606) (layer F.SilkS) (width 0.1))
    (fp_line (start 6.3512 2.2606) (end 6.3512 1.3606) (layer F.SilkS) (width 0.1))
    (fp_line (start 6.3512 2.2606) (end 6.3512 3.1606) (layer F.SilkS) (width 0.1))
    (fp_line (start 0.1512 2.2606) (end 0.1512 1.3606) (layer F.SilkS) (width 0.1))
    (fp_line (start 0.1512 2.2606) (end 0.1512 3.1606) (layer F.SilkS) (width 0.1))
    (fp_line (start 2.3512 -0.8394) (end 4.1512 -0.8394) (layer F.SilkS) (width 0.1))
    (fp_line (start -1.2488 -1.2394) (end 7.7512 -1.2394) (layer F.CrtYd) (width 0.05))
    (fp_line (start -1.2488 5.7606) (end 7.7512 5.7606) (layer F.CrtYd) (width 0.05))
    (fp_line (start -1.2488 5.7606) (end -1.2488 -1.2394) (layer F.CrtYd) (width 0.05))
    (fp_line (start 7.7512 -1.2394) (end 7.7512 5.7606) (layer F.CrtYd) (width 0.05))
    (pad 4 thru_hole circle (at 6.5012 4.5106) (size 2 2) (drill 1) (layers *.Cu *.Mask)
      (net 6 /UP))
    (pad 3 thru_hole circle (at 0.0012 4.5106) (size 2 2) (drill 1) (layers *.Cu *.Mask)
      (net 6 /UP))
    (pad 2 thru_hole circle (at 6.5012 0.0106) (size 2 2) (drill 1) (layers *.Cu *.Mask)
      (net 1 /GND))
    (pad 1 thru_hole rect (at 0.0012 0.0106) (size 2 2) (drill 1) (layers *.Cu *.Mask)
      (net 1 /GND))
    (model "${KIPRJMOD}/Omron B3F-1000.step"
      (offset (xyz 3.25 -2.25 0))
      (scale (xyz 1 1 1))
      (rotate (xyz 0 0 0))
    )
  )

  (module digikey-footprints:Switch_Tactile_THT_B3F-1xxx (layer F.Cu) (tedit 5AF34B0A) (tstamp 5C9D1470)
    (at 73.6 59)
    (descr http://www.omron.com/ecb/products/pdf/en-b3f.pdf)
    (path /5C909FB5)
    (fp_text reference S4 (at 3.2512 -2.2094) (layer F.SilkS)
      (effects (font (size 1 1) (thickness 0.15)))
    )
    (fp_text value RIGHT (at 3.2512 7.1006) (layer F.Fab)
      (effects (font (size 1 1) (thickness 0.15)))
    )
    (fp_line (start 0.2512 -0.7394) (end 6.2512 -0.7394) (layer F.Fab) (width 0.1))
    (fp_line (start 0.2512 5.2606) (end 6.2512 5.2606) (layer F.Fab) (width 0.1))
    (fp_line (start 0.2512 -0.7394) (end 0.2512 5.2606) (layer F.Fab) (width 0.1))
    (fp_line (start 6.2512 5.2606) (end 6.2512 -0.7394) (layer F.Fab) (width 0.1))
    (fp_text user %R (at 3.2512 2.2606) (layer F.Fab)
      (effects (font (size 1 1) (thickness 0.15)))
    )
    (fp_line (start 2.3512 5.3606) (end 4.0512 5.3606) (layer F.SilkS) (width 0.1))
    (fp_line (start 6.3512 2.2606) (end 6.3512 1.3606) (layer F.SilkS) (width 0.1))
    (fp_line (start 6.3512 2.2606) (end 6.3512 3.1606) (layer F.SilkS) (width 0.1))
    (fp_line (start 0.1512 2.2606) (end 0.1512 1.3606) (layer F.SilkS) (width 0.1))
    (fp_line (start 0.1512 2.2606) (end 0.1512 3.1606) (layer F.SilkS) (width 0.1))
    (fp_line (start 2.3512 -0.8394) (end 4.1512 -0.8394) (layer F.SilkS) (width 0.1))
    (fp_line (start -1.2488 -1.2394) (end 7.7512 -1.2394) (layer F.CrtYd) (width 0.05))
    (fp_line (start -1.2488 5.7606) (end 7.7512 5.7606) (layer F.CrtYd) (width 0.05))
    (fp_line (start -1.2488 5.7606) (end -1.2488 -1.2394) (layer F.CrtYd) (width 0.05))
    (fp_line (start 7.7512 -1.2394) (end 7.7512 5.7606) (layer F.CrtYd) (width 0.05))
    (pad 4 thru_hole circle (at 6.5012 4.5106) (size 2 2) (drill 1) (layers *.Cu *.Mask)
      (net 5 /RIGHT))
    (pad 3 thru_hole circle (at 0.0012 4.5106) (size 2 2) (drill 1) (layers *.Cu *.Mask)
      (net 5 /RIGHT))
    (pad 2 thru_hole circle (at 6.5012 0.0106) (size 2 2) (drill 1) (layers *.Cu *.Mask)
      (net 1 /GND))
    (pad 1 thru_hole rect (at 0.0012 0.0106) (size 2 2) (drill 1) (layers *.Cu *.Mask)
      (net 1 /GND))
    (model "${KIPRJMOD}/Omron B3F-1000.step"
      (offset (xyz 3.25 -2.25 0))
      (scale (xyz 1 1 1))
      (rotate (xyz 0 0 0))
    )
  )

  (module digikey-footprints:Switch_Tactile_THT_B3F-1xxx (layer F.Cu) (tedit 5AF34B0A) (tstamp 5C9D1459)
    (at 54.6 58.9894)
    (descr http://www.omron.com/ecb/products/pdf/en-b3f.pdf)
    (path /5C909EFC)
    (fp_text reference S3 (at 3.2512 -2.2094) (layer F.SilkS)
      (effects (font (size 1 1) (thickness 0.15)))
    )
    (fp_text value LEFT (at 3.2512 7.1006) (layer F.Fab)
      (effects (font (size 1 1) (thickness 0.15)))
    )
    (fp_line (start 7.7512 -1.2394) (end 7.7512 5.7606) (layer F.CrtYd) (width 0.05))
    (fp_line (start -1.2488 5.7606) (end -1.2488 -1.2394) (layer F.CrtYd) (width 0.05))
    (fp_line (start -1.2488 5.7606) (end 7.7512 5.7606) (layer F.CrtYd) (width 0.05))
    (fp_line (start -1.2488 -1.2394) (end 7.7512 -1.2394) (layer F.CrtYd) (width 0.05))
    (fp_line (start 2.3512 -0.8394) (end 4.1512 -0.8394) (layer F.SilkS) (width 0.1))
    (fp_line (start 0.1512 2.2606) (end 0.1512 3.1606) (layer F.SilkS) (width 0.1))
    (fp_line (start 0.1512 2.2606) (end 0.1512 1.3606) (layer F.SilkS) (width 0.1))
    (fp_line (start 6.3512 2.2606) (end 6.3512 3.1606) (layer F.SilkS) (width 0.1))
    (fp_line (start 6.3512 2.2606) (end 6.3512 1.3606) (layer F.SilkS) (width 0.1))
    (fp_line (start 2.3512 5.3606) (end 4.0512 5.3606) (layer F.SilkS) (width 0.1))
    (fp_text user %R (at 3.2512 2.2606) (layer F.Fab)
      (effects (font (size 1 1) (thickness 0.15)))
    )
    (fp_line (start 6.2512 5.2606) (end 6.2512 -0.7394) (layer F.Fab) (width 0.1))
    (fp_line (start 0.2512 -0.7394) (end 0.2512 5.2606) (layer F.Fab) (width 0.1))
    (fp_line (start 0.2512 5.2606) (end 6.2512 5.2606) (layer F.Fab) (width 0.1))
    (fp_line (start 0.2512 -0.7394) (end 6.2512 -0.7394) (layer F.Fab) (width 0.1))
    (pad 1 thru_hole rect (at 0.0012 0.0106) (size 2 2) (drill 1) (layers *.Cu *.Mask)
      (net 1 /GND))
    (pad 2 thru_hole circle (at 6.5012 0.0106) (size 2 2) (drill 1) (layers *.Cu *.Mask)
      (net 1 /GND))
    (pad 3 thru_hole circle (at 0.0012 4.5106) (size 2 2) (drill 1) (layers *.Cu *.Mask)
      (net 4 /LEFT))
    (pad 4 thru_hole circle (at 6.5012 4.5106) (size 2 2) (drill 1) (layers *.Cu *.Mask)
      (net 4 /LEFT))
    (model "${KIPRJMOD}/Omron B3F-1000.step"
      (offset (xyz 3.25 -2.25 0))
      (scale (xyz 1 1 1))
      (rotate (xyz 0 0 0))
    )
  )

  (module digikey-footprints:Switch_Tactile_THT_B3F-1xxx (layer F.Cu) (tedit 5AF34B0A) (tstamp 5C9D1442)
    (at 63.9988 67.5)
    (descr http://www.omron.com/ecb/products/pdf/en-b3f.pdf)
    (path /5C909EAC)
    (fp_text reference S2 (at 3.2512 -2.2094) (layer F.SilkS)
      (effects (font (size 1 1) (thickness 0.15)))
    )
    (fp_text value DOWN (at 3.2512 7.1006) (layer F.Fab)
      (effects (font (size 1 1) (thickness 0.15)))
    )
    (fp_line (start 0.2512 -0.7394) (end 6.2512 -0.7394) (layer F.Fab) (width 0.1))
    (fp_line (start 0.2512 5.2606) (end 6.2512 5.2606) (layer F.Fab) (width 0.1))
    (fp_line (start 0.2512 -0.7394) (end 0.2512 5.2606) (layer F.Fab) (width 0.1))
    (fp_line (start 6.2512 5.2606) (end 6.2512 -0.7394) (layer F.Fab) (width 0.1))
    (fp_text user %R (at 3.2512 2.2606) (layer F.Fab)
      (effects (font (size 1 1) (thickness 0.15)))
    )
    (fp_line (start 2.3512 5.3606) (end 4.0512 5.3606) (layer F.SilkS) (width 0.1))
    (fp_line (start 6.3512 2.2606) (end 6.3512 1.3606) (layer F.SilkS) (width 0.1))
    (fp_line (start 6.3512 2.2606) (end 6.3512 3.1606) (layer F.SilkS) (width 0.1))
    (fp_line (start 0.1512 2.2606) (end 0.1512 1.3606) (layer F.SilkS) (width 0.1))
    (fp_line (start 0.1512 2.2606) (end 0.1512 3.1606) (layer F.SilkS) (width 0.1))
    (fp_line (start 2.3512 -0.8394) (end 4.1512 -0.8394) (layer F.SilkS) (width 0.1))
    (fp_line (start -1.2488 -1.2394) (end 7.7512 -1.2394) (layer F.CrtYd) (width 0.05))
    (fp_line (start -1.2488 5.7606) (end 7.7512 5.7606) (layer F.CrtYd) (width 0.05))
    (fp_line (start -1.2488 5.7606) (end -1.2488 -1.2394) (layer F.CrtYd) (width 0.05))
    (fp_line (start 7.7512 -1.2394) (end 7.7512 5.7606) (layer F.CrtYd) (width 0.05))
    (pad 4 thru_hole circle (at 6.5012 4.5106) (size 2 2) (drill 1) (layers *.Cu *.Mask)
      (net 3 /DOWN))
    (pad 3 thru_hole circle (at 0.0012 4.5106) (size 2 2) (drill 1) (layers *.Cu *.Mask)
      (net 3 /DOWN))
    (pad 2 thru_hole circle (at 6.5012 0.0106) (size 2 2) (drill 1) (layers *.Cu *.Mask)
      (net 1 /GND))
    (pad 1 thru_hole rect (at 0.0012 0.0106) (size 2 2) (drill 1) (layers *.Cu *.Mask)
      (net 1 /GND))
    (model "${KIPRJMOD}/Omron B3F-1000.step"
      (offset (xyz 3.25 -2.25 0))
      (scale (xyz 1 1 1))
      (rotate (xyz 0 0 0))
    )
  )

  (module digikey-footprints:Switch_Tactile_THT_B3F-1xxx (layer F.Cu) (tedit 5AF34B0A) (tstamp 5CB1D4A8)
    (at 127.9988 70.2394)
    (descr http://www.omron.com/ecb/products/pdf/en-b3f.pdf)
    (path /5C90A063)
    (fp_text reference S1 (at 3.2512 -2.2094) (layer F.SilkS)
      (effects (font (size 1 1) (thickness 0.15)))
    )
    (fp_text value FIRE (at 3.2512 7.1006) (layer F.Fab)
      (effects (font (size 1 1) (thickness 0.15)))
    )
    (fp_line (start 7.7512 -1.2394) (end 7.7512 5.7606) (layer F.CrtYd) (width 0.05))
    (fp_line (start -1.2488 5.7606) (end -1.2488 -1.2394) (layer F.CrtYd) (width 0.05))
    (fp_line (start -1.2488 5.7606) (end 7.7512 5.7606) (layer F.CrtYd) (width 0.05))
    (fp_line (start -1.2488 -1.2394) (end 7.7512 -1.2394) (layer F.CrtYd) (width 0.05))
    (fp_line (start 2.3512 -0.8394) (end 4.1512 -0.8394) (layer F.SilkS) (width 0.1))
    (fp_line (start 0.1512 2.2606) (end 0.1512 3.1606) (layer F.SilkS) (width 0.1))
    (fp_line (start 0.1512 2.2606) (end 0.1512 1.3606) (layer F.SilkS) (width 0.1))
    (fp_line (start 6.3512 2.2606) (end 6.3512 3.1606) (layer F.SilkS) (width 0.1))
    (fp_line (start 6.3512 2.2606) (end 6.3512 1.3606) (layer F.SilkS) (width 0.1))
    (fp_line (start 2.3512 5.3606) (end 4.0512 5.3606) (layer F.SilkS) (width 0.1))
    (fp_text user %R (at 3.2512 2.2606) (layer F.Fab)
      (effects (font (size 1 1) (thickness 0.15)))
    )
    (fp_line (start 6.2512 5.2606) (end 6.2512 -0.7394) (layer F.Fab) (width 0.1))
    (fp_line (start 0.2512 -0.7394) (end 0.2512 5.2606) (layer F.Fab) (width 0.1))
    (fp_line (start 0.2512 5.2606) (end 6.2512 5.2606) (layer F.Fab) (width 0.1))
    (fp_line (start 0.2512 -0.7394) (end 6.2512 -0.7394) (layer F.Fab) (width 0.1))
    (pad 1 thru_hole rect (at 0.0012 0.0106) (size 2 2) (drill 1) (layers *.Cu *.Mask)
      (net 1 /GND))
    (pad 2 thru_hole circle (at 6.5012 0.0106) (size 2 2) (drill 1) (layers *.Cu *.Mask)
      (net 1 /GND))
    (pad 3 thru_hole circle (at 0.0012 4.5106) (size 2 2) (drill 1) (layers *.Cu *.Mask)
      (net 2 /FIRE))
    (pad 4 thru_hole circle (at 6.5012 4.5106) (size 2 2) (drill 1) (layers *.Cu *.Mask)
      (net 2 /FIRE))
    (model "${KIPRJMOD}/Omron B3F-1000.step"
      (offset (xyz 3.25 -2.25 0))
      (scale (xyz 1 1 1))
      (rotate (xyz 0 0 0))
    )
  )

  (gr_text "RetroPad v1.1 by June Tate-Gans" (at 105.5 45) (layer F.SilkS)
    (effects (font (size 1.5 1.5) (thickness 0.3)))
  )
  (gr_line (start 43 75) (end 50 82) (layer Margin) (width 0.2))
  (gr_line (start 50 43) (end 43 50) (layer Margin) (width 0.2))
  (gr_line (start 155 43) (end 162 50) (layer Margin) (width 0.2))
  (gr_line (start 155 82) (end 162 75) (layer Margin) (width 0.2))
  (gr_line (start 40 47.5) (end 47.5 40) (layer Edge.Cuts) (width 0.15))
  (gr_line (start 47.5 85) (end 40 77.5) (layer Edge.Cuts) (width 0.15))
  (gr_line (start 165 77.5) (end 157.5 85) (layer Edge.Cuts) (width 0.15))
  (gr_line (start 157.5 40) (end 165 47.5) (layer Edge.Cuts) (width 0.15))
  (gr_line (start 43 75) (end 43 50) (layer Margin) (width 0.2))
  (gr_line (start 155 82) (end 50 82) (layer Margin) (width 0.2))
  (gr_line (start 162 50) (end 162 75) (layer Margin) (width 0.2))
  (gr_line (start 50 43) (end 155 43) (layer Margin) (width 0.2))
  (gr_line (start 40 77.5) (end 40 47.5) (layer Edge.Cuts) (width 0.15))
  (gr_line (start 157.5 85) (end 47.5 85) (layer Edge.Cuts) (width 0.15))
  (gr_line (start 165 47.5) (end 165 77.5) (layer Edge.Cuts) (width 0.15))
  (gr_line (start 47.5 40) (end 157.5 40) (layer Edge.Cuts) (width 0.15))

  (segment (start 113 74.75) (end 110.91 76.84) (width 0.25) (layer F.Cu) (net 2))
  (segment (start 134.5 74.75) (end 113 74.75) (width 0.25) (layer F.Cu) (net 2))
  (segment (start 110.91 76.84) (end 109.615 76.84) (width 0.25) (layer F.Cu) (net 2))
  (segment (start 64 71.835001) (end 70.5 71.835001) (width 0.25) (layer F.Cu) (net 3))
  (segment (start 74.164999 75.5) (end 71.499999 72.835) (width 0.25) (layer F.Cu) (net 3))
  (segment (start 71.499999 72.835) (end 70.5 71.835001) (width 0.25) (layer F.Cu) (net 3))
  (segment (start 108.23 74) (end 106.73 75.5) (width 0.25) (layer F.Cu) (net 3))
  (segment (start 106.73 75.5) (end 74.164999 75.5) (width 0.25) (layer F.Cu) (net 3))
  (segment (start 54 63.5) (end 60.5 63.5) (width 0.25) (layer F.Cu) (net 4))
  (segment (start 104.660001 73.200001) (end 105.46 74) (width 0.25) (layer F.Cu) (net 4))
  (segment (start 91.700011 72.200011) (end 103.660011 72.200011) (width 0.25) (layer F.Cu) (net 4))
  (segment (start 103.660011 72.200011) (end 104.660001 73.200001) (width 0.25) (layer F.Cu) (net 4))
  (segment (start 84.25 64.75) (end 91.700011 72.200011) (width 0.25) (layer F.Cu) (net 4))
  (segment (start 61 63.5) (end 62.75 61.75) (width 0.25) (layer F.Cu) (net 4))
  (segment (start 84.25 62.75) (end 84.25 64.75) (width 0.25) (layer F.Cu) (net 4))
  (segment (start 62.75 61.75) (end 83.25 61.75) (width 0.25) (layer F.Cu) (net 4))
  (segment (start 83.25 61.75) (end 84.25 62.75) (width 0.25) (layer F.Cu) (net 4))
  (segment (start 58.5 63.5) (end 61 63.5) (width 0.25) (layer F.Cu) (net 4))
  (segment (start 101.340022 72.650022) (end 102.69 74) (width 0.25) (layer F.Cu) (net 5))
  (segment (start 91.513611 72.650022) (end 101.340022 72.650022) (width 0.25) (layer F.Cu) (net 5))
  (segment (start 73.6118 63.5) (end 82.5 63.5) (width 0.25) (layer F.Cu) (net 5))
  (segment (start 83.499999 64.499999) (end 83.499999 64.63641) (width 0.25) (layer F.Cu) (net 5))
  (segment (start 83.499999 64.63641) (end 91.513611 72.650022) (width 0.25) (layer F.Cu) (net 5))
  (segment (start 82.5 63.5) (end 83.499999 64.499999) (width 0.25) (layer F.Cu) (net 5))
  (segment (start 73.6012 63.5106) (end 73.6118 63.5) (width 0.25) (layer F.Cu) (net 5))
  (segment (start 64.0118 55) (end 70.4906 55) (width 0.25) (layer F.Cu) (net 6))
  (segment (start 70.4906 55) (end 70.5012 55.0106) (width 0.25) (layer F.Cu) (net 6))
  (segment (start 64.0012 55.0106) (end 64.0118 55) (width 0.25) (layer F.Cu) (net 6))
  (segment (start 150.5 60.5) (end 144 60.5) (width 0.25) (layer F.Cu) (net 6))
  (segment (start 111 72.95) (end 111 74) (width 0.25) (layer F.Cu) (net 6))
  (segment (start 109.8 71.75) (end 111 72.95) (width 0.25) (layer F.Cu) (net 6))
  (segment (start 92 71.75) (end 109.8 71.75) (width 0.25) (layer F.Cu) (net 6))
  (segment (start 84.75 64.5) (end 92 71.75) (width 0.25) (layer F.Cu) (net 6))
  (segment (start 82.25 55) (end 84.75 57.5) (width 0.25) (layer F.Cu) (net 6))
  (segment (start 84.75 57.5) (end 84.75 64.5) (width 0.25) (layer F.Cu) (net 6))
  (segment (start 70.5118 55) (end 82.25 55) (width 0.25) (layer F.Cu) (net 6))
  (segment (start 70.5012 55.0106) (end 70.5118 55) (width 0.25) (layer F.Cu) (net 6))
  (segment (start 119.25 74) (end 132.75 60.5) (width 0.25) (layer F.Cu) (net 6))
  (segment (start 132.75 60.5) (end 144 60.5) (width 0.25) (layer F.Cu) (net 6))
  (segment (start 111 74) (end 119.25 74) (width 0.25) (layer F.Cu) (net 6))

  (zone (net 1) (net_name /GND) (layer F.Cu) (tstamp 0) (hatch edge 0.508)
    (connect_pads (clearance 0.508))
    (min_thickness 0.254)
    (fill yes (arc_segments 16) (thermal_gap 0.508) (thermal_bridge_width 0.508))
    (polygon
      (pts
        (xy 43 50) (xy 50 43) (xy 155 43) (xy 162 50) (xy 162 75)
        (xy 155.25 82) (xy 50 82) (xy 43 75.25)
      )
    )
    (filled_polygon
      (pts
        (xy 161.873 50.052606) (xy 161.873 74.948743) (xy 155.196038 81.873) (xy 50.051257 81.873) (xy 43.127 75.196038)
        (xy 43.127 74.641984) (xy 46.365 74.641984) (xy 46.365 75.358016) (xy 46.504691 76.06029) (xy 46.778705 76.721818)
        (xy 47.176511 77.317177) (xy 47.682823 77.823489) (xy 48.278182 78.221295) (xy 48.93971 78.495309) (xy 49.641984 78.635)
        (xy 50.358016 78.635) (xy 51.06029 78.495309) (xy 51.721818 78.221295) (xy 52.317177 77.823489) (xy 52.823489 77.317177)
        (xy 53.221295 76.721818) (xy 53.495309 76.06029) (xy 53.635 75.358016) (xy 53.635 74.641984) (xy 53.495309 73.93971)
        (xy 53.221295 73.278182) (xy 52.823489 72.682823) (xy 52.317177 72.176511) (xy 51.721818 71.778705) (xy 51.06029 71.504691)
        (xy 50.358016 71.365) (xy 49.641984 71.365) (xy 48.93971 71.504691) (xy 48.278182 71.778705) (xy 47.682823 72.176511)
        (xy 47.176511 72.682823) (xy 46.778705 73.278182) (xy 46.504691 73.93971) (xy 46.365 74.641984) (xy 43.127 74.641984)
        (xy 43.127 68.5106) (xy 62.361928 68.5106) (xy 62.374188 68.635082) (xy 62.410498 68.75478) (xy 62.469463 68.865094)
        (xy 62.548815 68.961785) (xy 62.645506 69.041137) (xy 62.75582 69.100102) (xy 62.875518 69.136412) (xy 63 69.148672)
        (xy 63.71425 69.1456) (xy 63.873 68.98685) (xy 63.873 67.6376) (xy 64.127 67.6376) (xy 64.127 68.98685)
        (xy 64.28575 69.1456) (xy 65 69.148672) (xy 65.124482 69.136412) (xy 65.24418 69.100102) (xy 65.354494 69.041137)
        (xy 65.451185 68.961785) (xy 65.530537 68.865094) (xy 65.589502 68.75478) (xy 65.622496 68.646013) (xy 69.544192 68.646013)
        (xy 69.639956 68.910414) (xy 69.929571 69.051304) (xy 70.241108 69.132984) (xy 70.562595 69.152318) (xy 70.881675 69.108561)
        (xy 71.186088 69.003395) (xy 71.360044 68.910414) (xy 71.455808 68.646013) (xy 70.5 67.690205) (xy 69.544192 68.646013)
        (xy 65.622496 68.646013) (xy 65.625812 68.635082) (xy 65.638072 68.5106) (xy 65.635 67.79635) (xy 65.47625 67.6376)
        (xy 64.127 67.6376) (xy 63.873 67.6376) (xy 62.52375 67.6376) (xy 62.365 67.79635) (xy 62.361928 68.5106)
        (xy 43.127 68.5106) (xy 43.127 67.573195) (xy 68.858282 67.573195) (xy 68.902039 67.892275) (xy 69.007205 68.196688)
        (xy 69.100186 68.370644) (xy 69.364587 68.466408) (xy 70.320395 67.5106) (xy 70.679605 67.5106) (xy 71.635413 68.466408)
        (xy 71.899814 68.370644) (xy 72.040704 68.081029) (xy 72.122384 67.769492) (xy 72.141718 67.448005) (xy 72.097961 67.128925)
        (xy 71.992795 66.824512) (xy 71.899814 66.650556) (xy 71.635413 66.554792) (xy 70.679605 67.5106) (xy 70.320395 67.5106)
        (xy 69.364587 66.554792) (xy 69.100186 66.650556) (xy 68.959296 66.940171) (xy 68.877616 67.251708) (xy 68.858282 67.573195)
        (xy 43.127 67.573195) (xy 43.127 66.5106) (xy 62.361928 66.5106) (xy 62.365 67.22485) (xy 62.52375 67.3836)
        (xy 63.873 67.3836) (xy 63.873 66.03435) (xy 64.127 66.03435) (xy 64.127 67.3836) (xy 65.47625 67.3836)
        (xy 65.635 67.22485) (xy 65.638072 66.5106) (xy 65.625812 66.386118) (xy 65.622497 66.375187) (xy 69.544192 66.375187)
        (xy 70.5 67.330995) (xy 71.455808 66.375187) (xy 71.360044 66.110786) (xy 71.070429 65.969896) (xy 70.758892 65.888216)
        (xy 70.437405 65.868882) (xy 70.118325 65.912639) (xy 69.813912 66.017805) (xy 69.639956 66.110786) (xy 69.544192 66.375187)
        (xy 65.622497 66.375187) (xy 65.589502 66.26642) (xy 65.530537 66.156106) (xy 65.451185 66.059415) (xy 65.354494 65.980063)
        (xy 65.24418 65.921098) (xy 65.124482 65.884788) (xy 65 65.872528) (xy 64.28575 65.8756) (xy 64.127 66.03435)
        (xy 63.873 66.03435) (xy 63.71425 65.8756) (xy 63 65.872528) (xy 62.875518 65.884788) (xy 62.75582 65.921098)
        (xy 62.645506 65.980063) (xy 62.548815 66.059415) (xy 62.469463 66.156106) (xy 62.410498 66.26642) (xy 62.374188 66.386118)
        (xy 62.361928 66.5106) (xy 43.127 66.5106) (xy 43.127 63.338967) (xy 52.9662 63.338967) (xy 52.9662 63.661033)
        (xy 53.029032 63.976912) (xy 53.152282 64.274463) (xy 53.331213 64.542252) (xy 53.558948 64.769987) (xy 53.826737 64.948918)
        (xy 54.124288 65.072168) (xy 54.440167 65.135) (xy 54.762233 65.135) (xy 55.078112 65.072168) (xy 55.375663 64.948918)
        (xy 55.643452 64.769987) (xy 55.871187 64.542252) (xy 56.050118 64.274463) (xy 56.056109 64.26) (xy 59.646291 64.26)
        (xy 59.652282 64.274463) (xy 59.831213 64.542252) (xy 60.058948 64.769987) (xy 60.326737 64.948918) (xy 60.624288 65.072168)
        (xy 60.940167 65.135) (xy 61.262233 65.135) (xy 61.578112 65.072168) (xy 61.875663 64.948918) (xy 62.143452 64.769987)
        (xy 62.371187 64.542252) (xy 62.550118 64.274463) (xy 62.673368 63.976912) (xy 62.7362 63.661033) (xy 62.7362 63.338967)
        (xy 62.673368 63.023088) (xy 62.637736 62.937065) (xy 63.064802 62.51) (xy 72.303382 62.51) (xy 72.152282 62.736137)
        (xy 72.029032 63.033688) (xy 71.9662 63.349567) (xy 71.9662 63.671633) (xy 72.029032 63.987512) (xy 72.152282 64.285063)
        (xy 72.331213 64.552852) (xy 72.558948 64.780587) (xy 72.826737 64.959518) (xy 73.124288 65.082768) (xy 73.440167 65.1456)
        (xy 73.762233 65.1456) (xy 74.078112 65.082768) (xy 74.375663 64.959518) (xy 74.643452 64.780587) (xy 74.871187 64.552852)
        (xy 75.050118 64.285063) (xy 75.060499 64.26) (xy 78.641901 64.26) (xy 78.652282 64.285063) (xy 78.831213 64.552852)
        (xy 79.058948 64.780587) (xy 79.326737 64.959518) (xy 79.624288 65.082768) (xy 79.940167 65.1456) (xy 80.262233 65.1456)
        (xy 80.578112 65.082768) (xy 80.875663 64.959518) (xy 81.143452 64.780587) (xy 81.371187 64.552852) (xy 81.550118 64.285063)
        (xy 81.560499 64.26) (xy 82.185199 64.26) (xy 82.768588 64.84339) (xy 82.794453 64.928657) (xy 82.865025 65.060686)
        (xy 82.959998 65.176411) (xy 82.989001 65.200213) (xy 90.949811 73.161024) (xy 90.97361 73.190023) (xy 91.089335 73.284996)
        (xy 91.221364 73.355568) (xy 91.364625 73.399025) (xy 91.476278 73.410022) (xy 91.476286 73.410022) (xy 91.513611 73.413698)
        (xy 91.550936 73.410022) (xy 98.611145 73.410022) (xy 98.540147 73.581426) (xy 98.485 73.858665) (xy 98.485 74.141335)
        (xy 98.540147 74.418574) (xy 98.64832 74.679727) (xy 98.688593 74.74) (xy 74.479801 74.74) (xy 72.097908 72.358108)
        (xy 72.135 72.171633) (xy 72.135 71.849567) (xy 72.072168 71.533688) (xy 71.948918 71.236137) (xy 71.769987 70.968348)
        (xy 71.542252 70.740613) (xy 71.274463 70.561682) (xy 70.976912 70.438432) (xy 70.661033 70.3756) (xy 70.338967 70.3756)
        (xy 70.023088 70.438432) (xy 69.725537 70.561682) (xy 69.457748 70.740613) (xy 69.230013 70.968348) (xy 69.15875 71.075001)
        (xy 65.34125 71.075001) (xy 65.269987 70.968348) (xy 65.042252 70.740613) (xy 64.774463 70.561682) (xy 64.476912 70.438432)
        (xy 64.161033 70.3756) (xy 63.838967 70.3756) (xy 63.523088 70.438432) (xy 63.225537 70.561682) (xy 62.957748 70.740613)
        (xy 62.730013 70.968348) (xy 62.551082 71.236137) (xy 62.427832 71.533688) (xy 62.365 71.849567) (xy 62.365 72.171633)
        (xy 62.427832 72.487512) (xy 62.551082 72.785063) (xy 62.730013 73.052852) (xy 62.957748 73.280587) (xy 63.225537 73.459518)
        (xy 63.523088 73.582768) (xy 63.838967 73.6456) (xy 64.161033 73.6456) (xy 64.476912 73.582768) (xy 64.774463 73.459518)
        (xy 65.042252 73.280587) (xy 65.269987 73.052852) (xy 65.448918 72.785063) (xy 65.527644 72.595001) (xy 68.972356 72.595001)
        (xy 69.051082 72.785063) (xy 69.230013 73.052852) (xy 69.457748 73.280587) (xy 69.725537 73.459518) (xy 70.023088 73.582768)
        (xy 70.338967 73.6456) (xy 70.661033 73.6456) (xy 70.976912 73.582768) (xy 71.115543 73.525345) (xy 73.6012 76.011003)
        (xy 73.624998 76.040001) (xy 73.653996 76.063799) (xy 73.740722 76.134974) (xy 73.788053 76.160273) (xy 73.872752 76.205546)
        (xy 74.016013 76.249003) (xy 74.127666 76.26) (xy 74.127675 76.26) (xy 74.164998 76.263676) (xy 74.202321 76.26)
        (xy 99.992012 76.26) (xy 99.925147 76.421426) (xy 99.87 76.698665) (xy 99.87 76.981335) (xy 99.925147 77.258574)
        (xy 100.03332 77.519727) (xy 100.190363 77.754759) (xy 100.390241 77.954637) (xy 100.625273 78.11168) (xy 100.886426 78.219853)
        (xy 101.163665 78.275) (xy 101.446335 78.275) (xy 101.723574 78.219853) (xy 101.984727 78.11168) (xy 102.219759 77.954637)
        (xy 102.341694 77.832702) (xy 103.261903 77.832702) (xy 103.333486 78.076671) (xy 103.588996 78.197571) (xy 103.863184 78.2663)
        (xy 104.145512 78.280217) (xy 104.42513 78.238787) (xy 104.691292 78.143603) (xy 104.816514 78.076671) (xy 104.888097 77.832702)
        (xy 104.075 77.019605) (xy 103.261903 77.832702) (xy 102.341694 77.832702) (xy 102.419637 77.754759) (xy 102.57668 77.519727)
        (xy 102.684853 77.258574) (xy 102.690513 77.230118) (xy 102.771397 77.456292) (xy 102.838329 77.581514) (xy 103.082298 77.653097)
        (xy 103.895395 76.84) (xy 103.881253 76.825858) (xy 104.060858 76.646253) (xy 104.075 76.660395) (xy 104.089143 76.646253)
        (xy 104.268748 76.825858) (xy 104.254605 76.84) (xy 105.067702 77.653097) (xy 105.311671 77.581514) (xy 105.432571 77.326004)
        (xy 105.458212 77.223711) (xy 105.465147 77.258574) (xy 105.57332 77.519727) (xy 105.730363 77.754759) (xy 105.930241 77.954637)
        (xy 106.165273 78.11168) (xy 106.426426 78.219853) (xy 106.703665 78.275) (xy 106.986335 78.275) (xy 107.263574 78.219853)
        (xy 107.524727 78.11168) (xy 107.759759 77.954637) (xy 107.959637 77.754759) (xy 108.11668 77.519727) (xy 108.224853 77.258574)
        (xy 108.23 77.232699) (xy 108.235147 77.258574) (xy 108.34332 77.519727) (xy 108.500363 77.754759) (xy 108.700241 77.954637)
        (xy 108.935273 78.11168) (xy 109.196426 78.219853) (xy 109.473665 78.275) (xy 109.756335 78.275) (xy 110.033574 78.219853)
        (xy 110.294727 78.11168) (xy 110.529759 77.954637) (xy 110.729637 77.754759) (xy 110.833043 77.6) (xy 110.872678 77.6)
        (xy 110.91 77.603676) (xy 110.947322 77.6) (xy 110.947333 77.6) (xy 111.058986 77.589003) (xy 111.202247 77.545546)
        (xy 111.334276 77.474974) (xy 111.450001 77.380001) (xy 111.473804 77.350997) (xy 113.314802 75.51) (xy 126.545091 75.51)
        (xy 126.551082 75.524463) (xy 126.730013 75.792252) (xy 126.957748 76.019987) (xy 127.225537 76.198918) (xy 127.523088 76.322168)
        (xy 127.838967 76.385) (xy 128.161033 76.385) (xy 128.476912 76.322168) (xy 128.774463 76.198918) (xy 129.042252 76.019987)
        (xy 129.269987 75.792252) (xy 129.448918 75.524463) (xy 129.454909 75.51) (xy 133.045091 75.51) (xy 133.051082 75.524463)
        (xy 133.230013 75.792252) (xy 133.457748 76.019987) (xy 133.725537 76.198918) (xy 134.023088 76.322168) (xy 134.338967 76.385)
        (xy 134.661033 76.385) (xy 134.976912 76.322168) (xy 135.274463 76.198918) (xy 135.542252 76.019987) (xy 135.769987 75.792252)
        (xy 135.948918 75.524463) (xy 136.072168 75.226912) (xy 136.135 74.911033) (xy 136.135 74.641984) (xy 151.365 74.641984)
        (xy 151.365 75.358016) (xy 151.504691 76.06029) (xy 151.778705 76.721818) (xy 152.176511 77.317177) (xy 152.682823 77.823489)
        (xy 153.278182 78.221295) (xy 153.93971 78.495309) (xy 154.641984 78.635) (xy 155.358016 78.635) (xy 156.06029 78.495309)
        (xy 156.721818 78.221295) (xy 157.317177 77.823489) (xy 157.823489 77.317177) (xy 158.221295 76.721818) (xy 158.495309 76.06029)
        (xy 158.635 75.358016) (xy 158.635 74.641984) (xy 158.495309 73.93971) (xy 158.221295 73.278182) (xy 157.823489 72.682823)
        (xy 157.317177 72.176511) (xy 156.721818 71.778705) (xy 156.06029 71.504691) (xy 155.358016 71.365) (xy 154.641984 71.365)
        (xy 153.93971 71.504691) (xy 153.278182 71.778705) (xy 152.682823 72.176511) (xy 152.176511 72.682823) (xy 151.778705 73.278182)
        (xy 151.504691 73.93971) (xy 151.365 74.641984) (xy 136.135 74.641984) (xy 136.135 74.588967) (xy 136.072168 74.273088)
